[0]: 24
[1]: 29
[2]: 6
[3]: 9
[4]: 7
[5]: 25
[6]: 28
[7]: 29
[8]: 23
[9]: 2
[10]: 9
[11]: 10
[12]: 17
[13]: 23
[14]: 1
[15]: 29
[16]: 7
[17]: 6
[18]: 26
[19]: 26
[20]: 28
[21]: 28
[22]: 17
[23]: 29
[24]: 18
[25]: 25
[26]: 7
[27]: 24
[28]: 7
[29]: 17
===========================================
24 6 7 17 18 24 
24 6 7 17 18 24 
24 6 7 18 24 17 
24 6 23 1 18 24 
24 6 17 7 18 24 
24 6 17 18 7 24 
24 6 17 18 24 7 
24 6 23 1 18 24 
24 6 7 17 18 24 
24 6 7 18 24 17 
24 6 17 18 7 24 
24 6 17 18 24 7 
24 6 18 7 24 17 
24 6 18 24 7 17 
24 9 2 17 26 26 
24 9 2 26 26 17 
24 9 2 26 26 17 
24 7 25 1 18 25 
24 7 23 17 1 24 
24 7 23 1 17 24 
24 7 23 1 24 17 
24 7 17 23 1 24 
24 7 17 7 17 24 
24 7 17 7 24 17 
24 7 17 6 18 24 
24 7 17 17 7 24 
24 7 17 17 24 7 
24 7 17 7 24 17 
24 7 17 24 7 17 
24 7 23 1 17 24 
24 7 23 1 24 17 
24 7 7 17 24 17 
24 7 6 17 18 24 
24 7 6 18 24 17 
24 7 17 7 24 17 
24 7 17 24 7 17 
24 25 23 2 1 25 
24 25 2 23 1 25 
24 25 2 1 26 26 
24 25 1 7 18 25 
24 25 1 18 25 7 
24 25 1 18 25 7 
24 23 17 1 7 24 
24 23 17 1 7 24 
24 23 17 1 24 7 
24 23 1 7 17 24 
24 23 1 7 24 17 
24 23 1 6 18 24 
24 23 1 17 7 24 
24 23 1 17 24 7 
24 23 1 7 24 17 
24 23 1 24 7 17 
24 2 9 17 26 26 
24 2 9 26 26 17 
24 2 9 26 26 17 
24 2 1 26 26 25 
24 17 23 1 7 24 
24 17 23 1 7 24 
24 17 23 1 24 7 
24 17 7 6 18 24 
24 17 7 17 7 24 
24 17 7 17 24 7 
24 17 7 7 24 17 
24 17 7 24 7 17 
24 17 6 18 7 24 
24 17 6 18 24 7 
24 17 17 7 24 7 
24 17 7 24 7 17 
24 23 1 7 17 24 
24 23 1 7 24 17 
24 23 1 6 18 24 
24 23 1 17 7 24 
24 23 1 17 24 7 
24 23 1 7 24 17 
24 23 1 24 7 17 
24 7 6 17 18 24 
24 7 6 18 24 17 
24 7 17 7 24 17 
24 7 17 24 7 17 
24 6 17 18 7 24 
24 6 17 18 24 7 
24 6 18 7 24 17 
24 6 18 24 7 17 
24 17 7 24 7 17 
29 6 28 29 23 1 
29 6 28 29 23 1 
29 6 28 23 1 29 
29 6 28 23 1 29 
29 6 28 23 1 29 
29 6 28 23 1 29 
29 6 29 23 23 6 
29 6 29 23 1 28 
29 6 29 23 1 28 
29 6 29 17 29 6 
29 6 29 17 6 29 
29 6 29 23 1 28 
29 6 29 23 1 28 
29 6 29 29 6 17 
29 6 29 29 6 17 
29 6 29 6 17 29 
29 6 29 6 29 17 
29 6 23 23 29 6 
29 6 23 23 6 29 
29 6 23 1 29 28 
29 6 23 1 29 28 
29 6 23 1 28 29 
29 6 23 1 28 29 
29 6 17 29 6 29 
29 6 23 1 29 28 
29 6 23 1 29 28 
29 6 23 1 28 29 
29 6 23 1 28 29 
29 6 29 6 17 29 
29 6 29 6 29 17 
29 9 29 2 29 18 
29 9 29 2 29 18 
29 9 2 29 29 18 
29 28 29 23 1 6 
29 28 29 23 1 6 
29 28 23 1 29 6 
29 28 23 1 6 29 
29 28 23 1 29 6 
29 28 23 1 6 29 
29 29 23 1 6 28 
29 29 23 1 6 28 
29 29 2 9 29 18 
29 29 2 9 29 18 
29 29 2 10 17 29 
29 29 2 10 17 29 
29 29 2 10 29 17 
29 29 2 10 29 17 
29 29 2 10 17 29 
29 29 2 10 29 17 
29 29 2 1 29 26 
29 29 2 1 29 26 
29 29 2 1 26 29 
29 29 2 1 26 29 
29 29 10 1 29 18 
29 29 10 1 29 18 
29 29 23 1 6 28 
29 29 23 1 6 28 
29 23 1 29 6 28 
29 23 1 29 6 28 
29 23 1 6 28 29 
29 23 1 6 28 29 
29 2 9 29 29 18 
29 2 10 17 29 29 
29 2 10 29 17 29 
29 2 10 29 29 17 
29 2 1 29 26 29 
29 2 1 29 26 29 
29 10 1 29 29 18 
29 23 1 29 6 28 
29 23 1 29 6 28 
29 23 1 6 28 29 
29 23 1 6 28 29 
6 9 2 17 17 17 
6 28 29 23 1 29 
6 28 29 23 1 29 
6 28 29 23 1 29 
6 28 29 23 1 29 
6 28 23 1 29 29 
6 28 23 1 29 29 
6 29 23 23 29 6 
6 29 23 23 6 29 
6 29 23 1 29 28 
6 29 23 1 29 28 
6 29 23 1 28 29 
6 29 23 1 28 29 
6 29 17 29 6 29 
6 29 23 1 29 28 
6 29 23 1 29 28 
6 29 23 1 28 29 
6 29 23 1 28 29 
6 29 29 6 17 29 
6 29 29 6 29 17 
6 23 17 23 6 17 
6 23 17 23 6 17 
6 23 23 29 6 29 
6 23 23 6 17 17 
6 23 1 29 28 29 
6 23 1 29 28 29 
6 2 9 17 17 17 
6 10 17 1 17 17 
6 23 1 29 28 29 
6 23 1 29 28 29 
9 7 17 1 17 17 
9 25 17 1 26 26 
9 25 1 26 26 17 
9 25 1 26 26 17 
9 28 2 17 28 28 
9 28 2 28 28 17 
9 28 2 28 28 17 
9 28 9 10 28 28 
9 28 1 28 28 18 
9 29 2 29 29 18 
9 2 17 6 17 17 
9 2 17 26 26 24 
9 2 26 26 17 24 
9 2 26 26 24 17 
9 9 17 26 26 17 
9 9 17 26 26 17 
9 9 26 26 17 17 
9 17 1 7 17 17 
9 17 1 26 26 25 
9 17 1 17 7 17 
9 17 1 17 7 17 
9 1 26 26 17 25 
9 1 26 26 25 17 
7 25 23 2 18 25 
7 25 2 23 18 25 
7 25 1 18 25 24 
7 9 17 1 17 17 
25 28 2 1 28 28 
25 23 2 1 25 24 
25 23 2 7 18 25 
25 23 2 18 25 7 
25 23 2 18 25 7 
25 2 23 1 25 24 
25 2 23 7 18 25 
25 2 23 18 25 7 
25 2 23 18 25 7 
25 2 1 26 26 24 
25 9 17 1 26 26 
25 9 1 26 26 17 
25 9 1 26 26 17 
25 1 7 18 25 24 
25 1 18 25 7 24 
25 1 18 25 24 7 
28 29 23 1 29 6 
28 29 23 1 6 29 
28 29 23 1 29 6 
28 29 23 1 6 29 
28 23 1 29 6 29 
28 2 9 17 28 28 
28 2 9 28 28 17 
28 2 9 28 28 17 
28 2 10 26 28 18 
28 2 10 26 28 18 
28 2 10 26 28 18 
28 2 10 26 28 18 
28 2 1 28 28 25 
28 9 1 28 28 18 
28 10 17 1 28 28 
28 10 1 28 28 17 
28 10 1 28 28 17 
28 23 1 29 6 29 
29 23 1 29 6 28 
29 23 1 29 6 28 
29 23 1 6 28 29 
29 23 1 6 28 29 
29 2 9 29 29 18 
29 2 10 17 29 29 
29 2 10 29 17 29 
29 2 10 29 29 17 
29 2 1 29 26 29 
29 2 1 29 26 29 
29 10 1 29 29 18 
29 23 1 29 6 28 
29 23 1 29 6 28 
29 23 1 6 28 29 
29 23 1 6 28 29 
23 1 29 6 28 29 
23 1 29 6 28 29 
2 9 17 6 17 17 
2 9 17 26 26 24 
2 9 26 26 17 24 
2 9 26 26 24 17 
2 10 26 28 28 18 
2 10 26 28 28 18 
2 1 26 26 25 24 
9 17 1 7 17 17 
9 17 1 26 26 25 
9 17 1 17 7 17 
9 17 1 17 7 17 
9 1 26 26 17 25 
9 1 26 26 25 17 
10 17 1 6 17 17 
23 1 29 6 28 29 
23 1 29 6 28 29 
Squares number: 280
===========================================
Algorithm time: 0.0123734
