[0]: 7
[1]: 26
[2]: 27
[3]: 29
[4]: 9
[5]: 9
[6]: 36
[7]: 13
[8]: 33
[9]: 27
[10]: 29
[11]: 40
[12]: 33
[13]: 2
[14]: 18
[15]: 33
[16]: 4
[17]: 34
[18]: 11
[19]: 20
[20]: 26
[21]: 23
[22]: 35
[23]: 29
[24]: 16
[25]: 7
[26]: 22
[27]: 37
[28]: 6
[29]: 2
[30]: 26
[31]: 13
[32]: 19
[33]: 12
[34]: 1
[35]: 27
[36]: 12
[37]: 29
[38]: 39
[39]: 4
===========================================
7 26 27 33 33 6 
7 26 27 33 33 6 
7 26 27 27 20 1 
7 26 27 33 33 6 
7 26 27 20 1 27 
7 26 29 33 33 4 
7 26 29 33 33 4 
7 26 29 33 33 4 
7 26 29 33 33 4 
7 26 29 33 33 4 
7 26 29 33 33 4 
7 26 13 33 33 20 
7 26 13 33 33 20 
7 26 13 33 33 20 
7 26 13 26 6 26 
7 26 13 26 13 19 
7 26 13 26 13 19 
7 26 33 27 33 6 
7 26 33 27 33 6 
7 26 33 29 33 4 
7 26 33 29 33 4 
7 26 33 29 33 4 
7 26 33 29 33 4 
7 26 33 33 4 29 
7 26 33 33 4 29 
7 26 33 33 11 22 
7 26 33 33 20 13 
7 26 33 33 26 7 
7 26 33 33 29 4 
7 26 33 33 7 26 
7 26 33 33 6 27 
7 26 33 33 29 4 
7 26 33 33 4 29 
7 26 33 33 4 29 
7 26 33 33 11 22 
7 26 33 33 20 13 
7 26 33 33 26 7 
7 26 33 33 29 4 
7 26 33 33 7 26 
7 26 33 33 6 27 
7 26 33 33 29 4 
7 26 27 33 33 6 
7 26 27 20 1 27 
7 26 29 33 33 4 
7 26 29 33 33 4 
7 26 33 33 4 29 
7 26 33 33 4 29 
7 26 33 33 11 22 
7 26 33 33 20 13 
7 26 33 33 26 7 
7 26 33 33 29 4 
7 26 33 33 7 26 
7 26 33 33 6 27 
7 26 33 33 29 4 
7 26 18 26 26 1 
7 26 4 26 22 19 
7 26 4 22 26 19 
7 26 20 26 6 19 
7 26 20 6 26 19 
7 26 26 7 26 12 
7 26 26 7 26 12 
7 26 26 22 19 4 
7 26 26 6 26 13 
7 26 22 26 19 4 
7 27 29 29 2 22 
7 27 29 29 22 2 
7 27 29 2 29 22 
7 27 29 2 22 29 
7 27 29 29 22 2 
7 27 29 22 2 29 
7 27 9 27 18 20 
7 27 9 27 11 27 
7 27 9 18 20 27 
7 27 9 27 18 20 
7 27 9 27 11 27 
7 27 9 18 20 27 
7 27 13 27 7 27 
7 27 33 33 26 6 
7 27 33 33 6 26 
7 27 33 33 26 6 
7 27 33 33 6 26 
7 27 27 2 18 27 
7 27 27 18 2 27 
7 27 27 4 20 23 
7 27 27 4 16 27 
7 27 27 11 20 16 
7 27 27 20 26 1 
7 27 27 20 23 4 
7 27 27 20 26 1 
7 27 27 16 27 4 
7 27 27 7 13 27 
7 27 27 19 1 27 
7 27 29 2 29 22 
7 27 29 2 22 29 
7 27 29 29 22 2 
7 27 29 22 2 29 
7 27 33 33 26 6 
7 27 33 33 6 26 
7 27 2 29 22 29 
7 27 4 20 23 27 
7 27 11 20 16 27 
7 27 20 26 1 27 
7 27 20 23 27 4 
7 27 20 26 1 27 
7 27 29 22 2 29 
7 29 9 13 29 29 
7 29 9 13 29 29 
7 29 9 13 29 29 
7 29 9 29 20 22 
7 29 9 29 29 13 
7 29 9 29 13 29 
7 29 9 20 29 22 
7 29 9 20 22 29 
7 29 9 29 13 29 
7 29 9 13 29 29 
7 29 9 13 29 29 
7 29 9 13 29 29 
7 29 9 29 20 22 
7 29 9 29 29 13 
7 29 9 29 13 29 
7 29 9 20 29 22 
7 29 9 20 22 29 
7 29 9 29 13 29 
7 29 13 29 16 22 
7 29 13 29 16 22 
7 29 13 16 22 29 
7 29 33 33 4 26 
7 29 33 33 4 26 
7 29 33 33 26 4 
7 29 33 33 26 4 
7 29 33 33 4 26 
7 29 33 33 4 26 
7 29 33 33 26 4 
7 29 33 33 26 4 
7 29 27 29 2 22 
7 29 27 29 22 2 
7 29 27 2 29 22 
7 29 27 2 22 29 
7 29 27 29 22 2 
7 29 27 22 2 29 
7 29 29 2 20 29 
7 29 29 2 20 29 
7 29 29 2 22 27 
7 29 29 18 4 29 
7 29 29 18 4 29 
7 29 29 18 11 22 
7 29 29 18 29 4 
7 29 29 18 29 4 
7 29 29 20 29 2 
7 29 29 20 2 29 
7 29 29 23 22 6 
7 29 29 29 16 6 
7 29 29 16 22 13 
7 29 29 16 6 29 
7 29 29 22 2 27 
7 29 33 33 4 26 
7 29 33 33 4 26 
7 29 33 33 26 4 
7 29 33 33 26 4 
7 29 2 20 29 29 
7 29 2 29 22 27 
7 29 2 22 27 29 
7 29 18 4 29 29 
7 29 18 11 29 22 
7 29 18 11 22 29 
7 29 18 29 29 4 
7 29 20 29 2 29 
7 29 23 29 22 6 
7 29 23 22 6 29 
7 29 29 16 22 13 
7 29 29 16 6 29 
7 29 29 22 2 27 
7 29 16 22 13 29 
7 29 22 2 27 29 
7 9 9 2 7 2 
7 9 13 29 29 29 
7 9 13 4 6 13 
7 9 13 6 13 4 
7 9 27 18 20 27 
7 9 29 20 29 22 
7 9 29 20 22 29 
7 9 29 29 13 29 
7 9 20 29 22 29 
7 9 13 29 29 29 
7 9 13 4 6 13 
7 9 13 6 13 4 
7 9 27 18 20 27 
7 9 29 20 29 22 
7 9 29 20 22 29 
7 9 29 29 13 29 
7 9 20 29 22 29 
7 13 33 33 33 13 
7 13 33 33 20 26 
7 13 33 33 20 26 
7 13 33 33 20 26 
7 13 33 33 20 26 
7 13 29 29 16 22 
7 13 29 16 22 29 
7 13 33 33 20 26 
7 13 33 33 20 26 
7 13 2 11 6 13 
7 13 11 6 2 13 
7 13 26 26 13 19 
7 13 29 16 22 29 
7 13 6 13 12 1 
7 13 6 13 1 12 
7 33 27 33 26 6 
7 33 27 33 6 26 
7 33 27 33 26 6 
7 33 27 33 6 26 
7 33 29 33 4 26 
7 33 29 33 4 26 
7 33 29 33 26 4 
7 33 29 33 26 4 
7 33 29 33 4 26 
7 33 29 33 4 26 
7 33 29 33 26 4 
7 33 29 33 26 4 
7 33 33 33 4 22 
7 33 33 33 20 6 
7 33 33 33 7 19 
7 33 33 33 22 4 
7 33 33 4 26 29 
7 33 33 4 26 29 
7 33 33 4 29 26 
7 33 33 4 26 29 
7 33 33 11 26 22 
7 33 33 11 22 26 
7 33 33 20 26 13 
7 33 33 20 26 13 
7 33 33 26 29 4 
7 33 33 26 7 26 
7 33 33 26 6 27 
7 33 33 26 29 4 
7 33 33 29 26 4 
7 33 33 6 26 27 
7 33 33 26 29 4 
7 33 33 4 26 29 
7 33 33 4 26 29 
7 33 33 4 29 26 
7 33 33 4 26 29 
7 33 33 11 26 22 
7 33 33 11 22 26 
7 33 33 20 26 13 
7 33 33 20 26 13 
7 33 33 26 29 4 
7 33 33 26 7 26 
7 33 33 26 6 27 
7 33 33 26 29 4 
7 33 33 29 26 4 
7 33 33 6 26 27 
7 33 33 26 29 4 
7 27 29 2 29 22 
7 27 29 2 22 29 
7 27 29 29 22 2 
7 27 29 22 2 29 
7 27 33 33 26 6 
7 27 33 33 6 26 
7 27 2 29 22 29 
7 27 4 20 23 27 
7 27 11 20 16 27 
7 27 20 26 1 27 
7 27 20 23 27 4 
7 27 20 26 1 27 
7 27 29 22 2 29 
7 29 33 33 4 26 
7 29 33 33 4 26 
7 29 33 33 26 4 
7 29 33 33 26 4 
7 29 2 20 29 29 
7 29 2 29 22 27 
7 29 2 22 27 29 
7 29 18 4 29 29 
7 29 18 11 29 22 
7 29 18 11 22 29 
7 29 18 29 29 4 
7 29 20 29 2 29 
7 29 23 29 22 6 
7 29 23 22 6 29 
7 29 29 16 22 13 
7 29 29 16 6 29 
7 29 29 22 2 27 
7 29 16 22 13 29 
7 29 22 2 27 29 
7 33 33 4 26 29 
7 33 33 4 26 29 
7 33 33 4 29 26 
7 33 33 4 26 29 
7 33 33 11 26 22 
7 33 33 11 22 26 
7 33 33 20 26 13 
7 33 33 20 26 13 
7 33 33 26 29 4 
7 33 33 26 7 26 
7 33 33 26 6 27 
7 33 33 26 29 4 
7 33 33 29 26 4 
7 33 33 6 26 27 
7 33 33 26 29 4 
7 2 29 22 27 29 
7 18 11 29 22 29 
7 4 26 22 26 19 
7 20 26 6 26 19 
7 26 22 26 19 4 
7 23 29 22 6 29 
7 29 16 22 13 29 
7 29 22 2 27 29 
26 27 9 27 18 1 
26 27 9 18 1 27 
26 27 9 27 18 1 
26 27 9 18 1 27 
26 27 33 33 7 6 
26 27 33 33 7 6 
26 27 27 4 23 1 
26 27 27 11 16 1 
26 27 27 20 7 1 
26 27 27 23 1 4 
26 27 33 33 7 6 
26 27 4 23 1 27 
26 27 11 16 1 27 
26 27 20 7 1 27 
26 27 23 1 27 4 
26 29 33 33 4 7 
26 29 33 33 7 4 
26 29 33 33 4 7 
26 29 33 33 7 4 
26 29 29 2 29 1 
26 29 29 2 1 29 
26 29 29 29 2 1 
26 29 29 2 1 29 
26 29 33 33 4 7 
26 29 33 33 7 4 
26 29 2 29 1 29 
26 29 29 2 1 29 
26 9 13 4 26 26 
26 9 13 26 26 4 
26 9 27 18 1 27 
26 9 4 26 26 13 
26 9 11 26 6 26 
26 9 26 16 26 1 
26 9 26 26 13 4 
26 9 13 4 26 26 
26 9 13 26 26 4 
26 9 27 18 1 27 
26 9 4 26 26 13 
26 9 11 26 6 26 
26 9 26 16 26 1 
26 9 26 26 13 4 
26 13 33 33 20 7 
26 13 33 33 20 7 
26 13 33 33 20 7 
26 13 2 11 26 26 
26 13 4 26 22 13 
26 13 4 22 26 13 
26 13 11 26 2 26 
26 13 20 26 6 13 
26 13 20 6 26 13 
26 13 26 7 6 26 
26 13 26 7 13 19 
26 13 26 22 13 4 
26 13 26 26 12 1 
26 13 26 26 1 12 
26 13 7 26 13 19 
26 13 22 26 13 4 
26 33 27 33 7 6 
26 33 27 33 7 6 
26 33 29 33 4 7 
26 33 29 33 7 4 
26 33 29 33 4 7 
26 33 29 33 7 4 
26 33 33 33 6 1 
26 33 33 4 29 7 
26 33 33 4 7 29 
26 33 33 11 7 22 
26 33 33 20 7 13 
26 33 33 29 7 4 
26 33 33 7 6 27 
26 33 33 7 29 4 
26 33 33 4 29 7 
26 33 33 4 7 29 
26 33 33 11 7 22 
26 33 33 20 7 13 
26 33 33 29 7 4 
26 33 33 7 6 27 
26 33 33 7 29 4 
26 27 33 33 7 6 
26 27 4 23 1 27 
26 27 11 16 1 27 
26 27 20 7 1 27 
26 27 23 1 27 4 
26 29 33 33 4 7 
26 29 33 33 7 4 
26 29 2 29 1 29 
26 29 29 2 1 29 
26 33 33 4 29 7 
26 33 33 4 7 29 
26 33 33 11 7 22 
26 33 33 20 7 13 
26 33 33 29 7 4 
26 33 33 7 6 27 
26 33 33 7 29 4 
26 2 18 26 6 26 
26 2 4 20 26 26 
26 2 11 26 26 13 
26 2 20 26 26 4 
26 2 26 23 26 1 
26 2 26 22 2 26 
26 2 26 26 12 12 
26 18 4 26 26 4 
26 18 26 7 26 1 
26 18 26 6 2 26 
26 4 20 26 22 6 
26 4 20 26 2 26 
26 4 20 22 6 26 
26 4 26 16 6 26 
26 4 26 7 22 19 
26 4 7 22 26 19 
26 11 26 2 26 13 
26 20 26 7 6 19 
26 20 26 22 6 4 
26 20 26 2 26 4 
26 20 7 6 26 19 
26 20 22 6 26 4 
26 26 23 2 26 1 
26 26 16 6 26 4 
26 26 7 22 19 4 
26 26 7 6 26 13 
26 26 6 26 19 1 
26 26 2 26 12 12 
26 26 26 13 12 1 
26 26 26 13 1 12 
26 7 22 26 19 4 
27 29 9 29 2 20 
27 29 9 29 20 2 
27 29 9 2 20 29 
27 29 9 2 20 29 
27 29 9 20 29 2 
27 29 9 20 2 29 
27 29 9 29 2 20 
27 29 9 29 20 2 
27 29 9 2 20 29 
27 29 9 2 20 29 
27 29 9 20 29 2 
27 29 9 20 2 29 
27 29 13 29 2 16 
27 29 13 29 16 2 
27 29 13 2 29 16 
27 29 13 2 16 29 
27 29 13 29 16 2 
27 29 13 16 2 29 
27 29 33 33 4 6 
27 29 33 33 6 4 
27 29 33 33 4 6 
27 29 33 33 6 4 
27 29 27 29 2 2 
27 29 27 2 29 2 
27 29 27 2 2 29 
27 29 29 2 18 11 
27 29 29 2 23 6 
27 29 29 2 16 13 
27 29 29 2 7 22 
27 29 29 2 2 27 
27 29 29 18 11 2 
27 29 29 23 6 2 
27 29 29 16 2 13 
27 29 29 7 22 2 
27 29 33 33 4 6 
27 29 33 33 6 4 
27 29 2 18 11 29 
27 29 2 18 11 29 
27 29 2 23 29 6 
27 29 2 23 6 29 
27 29 2 29 16 13 
27 29 2 29 7 22 
27 29 2 29 2 27 
27 29 2 16 13 29 
27 29 2 7 22 29 
27 29 2 2 27 29 
27 29 18 11 29 2 
27 29 18 11 2 29 
27 29 23 29 6 2 
27 29 23 6 2 29 
27 29 29 16 2 13 
27 29 29 7 22 2 
27 29 16 2 13 29 
27 29 7 22 2 29 
27 9 27 2 16 27 
27 9 27 18 4 23 
27 9 27 18 11 16 
27 9 27 18 20 7 
27 9 27 18 26 1 
27 9 27 18 23 4 
27 9 27 18 26 1 
27 9 27 11 7 27 
27 9 27 16 2 27 
27 9 27 6 12 27 
27 9 27 6 27 12 
27 9 29 2 20 29 
27 9 29 2 20 29 
27 9 29 20 29 2 
27 9 29 20 2 29 
27 9 2 20 29 29 
27 9 18 4 23 27 
27 9 18 11 16 27 
27 9 18 20 7 27 
27 9 18 26 1 27 
27 9 18 23 27 4 
27 9 18 26 1 27 
27 9 20 29 2 29 
27 9 27 2 16 27 
27 9 27 18 4 23 
27 9 27 18 11 16 
27 9 27 18 20 7 
27 9 27 18 26 1 
27 9 27 18 23 4 
27 9 27 18 26 1 
27 9 27 11 7 27 
27 9 27 16 2 27 
27 9 27 6 12 27 
27 9 27 6 27 12 
27 9 29 2 20 29 
27 9 29 2 20 29 
27 9 29 20 29 2 
27 9 29 20 2 29 
27 9 2 20 29 29 
27 9 18 4 23 27 
27 9 18 11 16 27 
27 9 18 20 7 27 
27 9 18 26 1 27 
27 9 18 23 27 4 
27 9 18 26 1 27 
27 9 20 29 2 29 
27 13 33 33 20 6 
27 13 33 33 20 6 
27 13 27 2 12 27 
27 13 27 2 27 12 
27 13 27 2 12 27 
27 13 27 2 27 12 
27 13 27 13 1 27 
27 13 29 2 29 16 
27 13 29 2 16 29 
27 13 29 29 16 2 
27 13 29 16 2 29 
27 13 33 33 20 6 
27 13 2 29 16 29 
27 13 29 16 2 29 
27 33 29 33 4 6 
27 33 29 33 6 4 
27 33 29 33 4 6 
27 33 29 33 6 4 
27 33 33 2 33 4 
27 33 33 2 33 4 
27 33 33 33 4 2 
27 33 33 33 2 4 
27 33 33 4 29 6 
27 33 33 4 6 29 
27 33 33 11 22 6 
27 33 33 20 6 13 
27 33 33 26 7 6 
27 33 33 29 6 4 
27 33 33 7 6 26 
27 33 33 6 29 4 
27 33 33 4 29 6 
27 33 33 4 6 29 
27 33 33 11 22 6 
27 33 33 20 6 13 
27 33 33 26 7 6 
27 33 33 29 6 4 
27 33 33 7 6 26 
27 33 33 6 29 4 
27 27 29 2 29 2 
27 27 29 2 2 29 
27 27 2 18 7 27 
27 27 2 23 2 27 
27 27 2 29 2 29 
27 27 2 6 19 27 
27 27 2 13 12 27 
27 27 2 13 27 12 
27 27 18 7 2 27 
27 27 4 11 23 16 
27 27 4 11 12 27 
27 27 4 11 27 12 
27 27 4 20 23 7 
27 27 4 26 23 1 
27 27 4 23 26 1 
27 27 4 16 7 27 
27 27 4 22 1 27 
27 27 4 19 27 4 
27 27 11 20 16 7 
27 27 11 26 16 1 
27 27 11 23 16 4 
27 27 11 16 26 1 
27 27 11 12 27 4 
27 27 11 27 12 4 
27 27 20 26 7 1 
27 27 20 23 7 4 
27 27 20 7 26 1 
27 27 20 6 1 27 
27 27 26 23 1 4 
27 27 23 26 1 4 
27 27 16 7 27 4 
27 27 7 19 1 27 
27 27 22 1 27 4 
27 27 6 2 19 27 
27 27 2 13 12 27 
27 27 2 13 27 12 
27 29 33 33 4 6 
27 29 33 33 6 4 
27 29 2 18 11 29 
27 29 2 18 11 29 
27 29 2 23 29 6 
27 29 2 23 6 29 
27 29 2 29 16 13 
27 29 2 29 7 22 
27 29 2 29 2 27 
27 29 2 16 13 29 
27 29 2 7 22 29 
27 29 2 2 27 29 
27 29 18 11 29 2 
27 29 18 11 2 29 
27 29 23 29 6 2 
27 29 23 6 2 29 
27 29 29 16 2 13 
27 29 29 7 22 2 
27 29 16 2 13 29 
27 29 7 22 2 29 
27 33 33 4 29 6 
27 33 33 4 6 29 
27 33 33 11 22 6 
27 33 33 20 6 13 
27 33 33 26 7 6 
27 33 33 29 6 4 
27 33 33 7 6 26 
27 33 33 6 29 4 
27 2 18 11 29 29 
27 2 23 29 6 29 
27 2 29 16 13 29 
27 2 29 7 22 29 
27 2 29 2 27 29 
27 18 11 29 2 29 
27 4 11 23 16 27 
27 4 20 23 7 27 
27 4 26 23 1 27 
27 4 23 26 1 27 
27 11 20 16 7 27 
27 11 26 16 1 27 
27 11 23 16 27 4 
27 11 16 26 1 27 
27 20 26 7 1 27 
27 20 23 7 27 4 
27 20 7 26 1 27 
27 26 23 1 27 4 
27 23 29 6 2 29 
27 23 26 1 27 4 
27 29 16 2 13 29 
27 29 7 22 2 29 
29 9 9 29 11 29 
29 9 9 29 11 29 
29 9 9 11 29 29 
29 9 13 29 20 16 
29 9 13 29 29 7 
29 9 13 29 7 29 
29 9 13 20 29 16 
29 9 13 20 16 29 
29 9 13 29 7 29 
29 9 27 29 2 20 
29 9 27 29 20 2 
29 9 27 2 20 29 
29 9 27 2 20 29 
29 9 27 20 29 2 
29 9 27 20 2 29 
29 9 29 2 18 29 
29 9 29 2 18 29 
29 9 29 2 20 27 
29 9 29 18 11 20 
29 9 29 18 29 2 
29 9 29 18 2 29 
29 9 29 4 29 16 
29 9 29 4 16 29 
29 9 29 20 23 6 
29 9 29 20 16 13 
29 9 29 20 7 22 
29 9 29 20 2 27 
29 9 29 29 16 4 
29 9 29 29 7 13 
29 9 29 29 19 1 
29 9 29 16 29 4 
29 9 29 7 13 29 
29 9 29 19 1 29 
29 9 2 18 29 29 
29 9 2 20 29 27 
29 9 2 20 27 29 
29 9 18 11 20 29 
29 9 18 11 20 29 
29 9 18 29 2 29 
29 9 4 29 16 29 
29 9 20 23 29 6 
29 9 20 23 6 29 
29 9 20 29 16 13 
29 9 20 29 7 22 
29 9 20 29 2 27 
29 9 20 16 13 29 
29 9 20 7 22 29 
29 9 20 2 27 29 
29 9 29 16 29 4 
29 9 29 7 13 29 
29 9 29 19 1 29 
29 9 13 29 20 16 
29 9 13 29 29 7 
29 9 13 29 7 29 
29 9 13 20 29 16 
29 9 13 20 16 29 
29 9 13 29 7 29 
29 9 27 29 2 20 
29 9 27 29 20 2 
29 9 27 2 20 29 
29 9 27 2 20 29 
29 9 27 20 29 2 
29 9 27 20 2 29 
29 9 29 2 18 29 
29 9 29 2 18 29 
29 9 29 2 20 27 
29 9 29 18 11 20 
29 9 29 18 29 2 
29 9 29 18 2 29 
29 9 29 4 29 16 
29 9 29 4 16 29 
29 9 29 20 23 6 
29 9 29 20 16 13 
29 9 29 20 7 22 
29 9 29 20 2 27 
29 9 29 29 16 4 
29 9 29 29 7 13 
29 9 29 29 19 1 
29 9 29 16 29 4 
29 9 29 7 13 29 
29 9 29 19 1 29 
29 9 2 18 29 29 
29 9 2 20 29 27 
29 9 2 20 27 29 
29 9 18 11 20 29 
29 9 18 11 20 29 
29 9 18 29 2 29 
29 9 4 29 16 29 
29 9 20 23 29 6 
29 9 20 23 6 29 
29 9 20 29 16 13 
29 9 20 29 7 22 
29 9 20 29 2 27 
29 9 20 16 13 29 
29 9 20 7 22 29 
29 9 20 2 27 29 
29 9 29 16 29 4 
29 9 29 7 13 29 
29 9 29 19 1 29 
29 13 33 33 4 20 
29 13 33 33 20 4 
29 13 33 33 4 20 
29 13 33 33 20 4 
29 13 27 29 2 16 
29 13 27 29 16 2 
29 13 27 2 29 16 
29 13 27 2 16 29 
29 13 27 29 16 2 
29 13 27 16 2 29 
29 13 29 2 16 27 
29 13 29 18 11 16 
29 13 29 4 29 12 
29 13 29 4 29 12 
29 13 29 4 12 29 
29 13 29 4 12 29 
29 13 29 23 16 6 
29 13 29 29 12 4 
29 13 29 29 12 4 
29 13 29 16 7 22 
29 13 29 16 2 27 
29 13 29 12 29 4 
29 13 29 12 29 4 
29 13 33 33 4 20 
29 13 33 33 20 4 
29 13 2 29 16 27 
29 13 2 16 27 29 
29 13 18 11 29 16 
29 13 18 11 16 29 
29 13 4 29 12 29 
29 13 4 29 12 29 
29 13 23 29 16 6 
29 13 23 16 6 29 
29 13 29 16 7 22 
29 13 29 16 2 27 
29 13 29 12 29 4 
29 13 29 12 29 4 
29 13 16 7 22 29 
29 13 16 2 27 29 
29 33 27 33 4 6 
29 33 27 33 6 4 
29 33 27 33 4 6 
29 33 27 33 6 4 
29 33 29 33 4 4 
29 33 29 33 4 4 
29 33 33 2 33 2 
29 33 33 4 11 22 
29 33 33 4 20 13 
29 33 33 4 26 7 
29 33 33 4 29 4 
29 33 33 4 7 26 
29 33 33 4 6 27 
29 33 33 4 29 4 
29 33 33 11 22 4 
29 33 33 20 13 4 
29 33 33 26 7 4 
29 33 33 7 26 4 
29 33 33 6 27 4 
29 33 33 4 11 22 
29 33 33 4 20 13 
29 33 33 4 26 7 
29 33 33 4 29 4 
29 33 33 4 7 26 
29 33 33 4 6 27 
29 33 33 4 29 4 
29 33 33 11 22 4 
29 33 33 20 13 4 
29 33 33 26 7 4 
29 33 33 7 26 4 
29 33 33 6 27 4 
29 27 29 2 18 11 
29 27 29 2 23 6 
29 27 29 2 16 13 
29 27 29 2 7 22 
29 27 29 2 2 27 
29 27 29 18 11 2 
29 27 29 23 6 2 
29 27 29 16 2 13 
29 27 29 7 22 2 
29 27 33 33 4 6 
29 27 33 33 6 4 
29 27 2 18 11 29 
29 27 2 18 11 29 
29 27 2 23 29 6 
29 27 2 23 6 29 
29 27 2 29 16 13 
29 27 2 29 7 22 
29 27 2 29 2 27 
29 27 2 16 13 29 
29 27 2 7 22 29 
29 27 2 2 27 29 
29 27 18 11 29 2 
29 27 18 11 2 29 
29 27 23 29 6 2 
29 27 23 6 2 29 
29 27 29 16 2 13 
29 27 29 7 22 2 
29 27 16 2 13 29 
29 27 7 22 2 29 
29 29 33 33 4 4 
29 29 2 18 11 27 
29 29 2 4 23 29 
29 29 2 4 23 29 
29 29 2 11 29 16 
29 29 2 11 16 29 
29 29 2 20 29 7 
29 29 2 20 7 29 
29 29 2 26 29 1 
29 29 2 26 1 29 
29 29 2 23 29 4 
29 29 2 23 6 27 
29 29 2 23 29 4 
29 29 2 29 26 1 
29 29 2 16 13 27 
29 29 2 7 22 27 
29 29 2 26 1 29 
29 29 18 4 29 7 
29 29 18 4 7 29 
29 29 18 11 23 6 
29 29 18 11 16 13 
29 29 18 11 7 22 
29 29 18 11 2 27 
29 29 18 29 7 4 
29 29 18 7 29 4 
29 29 4 23 29 2 
29 29 4 23 2 29 
29 29 4 29 6 19 
29 29 4 29 13 12 
29 29 4 29 13 12 
29 29 4 6 19 29 
29 29 4 13 12 29 
29 29 4 13 12 29 
29 29 11 29 16 2 
29 29 11 29 6 12 
29 29 11 29 6 12 
29 29 11 16 2 29 
29 29 11 6 12 29 
29 29 11 6 12 29 
29 29 20 29 7 2 
29 29 20 7 2 29 
29 29 26 29 2 1 
29 29 26 2 1 29 
29 29 23 29 2 4 
29 29 23 16 6 13 
29 29 23 7 22 6 
29 29 23 6 2 27 
29 29 23 2 29 4 
29 29 29 16 7 6 
29 29 29 16 12 1 
29 29 29 16 1 12 
29 29 29 22 6 1 
29 29 29 6 19 4 
29 29 29 2 26 1 
29 29 29 13 12 4 
29 29 29 13 12 4 
29 29 16 7 22 13 
29 29 16 7 6 29 
29 29 16 2 13 27 
29 29 16 12 1 29 
29 29 16 1 12 29 
29 29 7 22 2 27 
29 29 22 6 1 29 
29 29 6 19 29 4 
29 29 2 26 1 29 
29 29 13 12 29 4 
29 29 13 12 29 4 
29 33 33 4 11 22 
29 33 33 4 20 13 
29 33 33 4 26 7 
29 33 33 4 29 4 
29 33 33 4 7 26 
29 33 33 4 6 27 
29 33 33 4 29 4 
29 33 33 11 22 4 
29 33 33 20 13 4 
29 33 33 26 7 4 
29 33 33 7 26 4 
29 33 33 6 27 4 
29 2 18 11 29 27 
29 2 18 11 27 29 
29 2 4 23 29 29 
29 2 11 29 16 29 
29 2 20 29 7 29 
29 2 26 29 1 29 
29 2 23 29 6 27 
29 2 23 29 29 4 
29 2 23 6 27 29 
29 2 29 16 13 27 
29 2 29 7 22 27 
29 2 29 26 1 29 
29 2 16 13 27 29 
29 2 7 22 27 29 
29 18 4 29 7 29 
29 18 11 23 29 6 
29 18 11 23 6 29 
29 18 11 29 16 13 
29 18 11 29 7 22 
29 18 11 29 2 27 
29 18 11 16 13 29 
29 18 11 7 22 29 
29 18 11 2 27 29 
29 18 29 7 29 4 
29 4 23 29 2 29 
29 4 29 6 19 29 
29 4 29 13 12 29 
29 4 29 13 12 29 
29 11 29 16 2 29 
29 11 29 6 12 29 
29 11 29 6 12 29 
29 20 29 7 2 29 
29 26 29 2 1 29 
29 23 29 16 6 13 
29 23 29 7 22 6 
29 23 29 6 2 27 
29 23 29 2 29 4 
29 23 16 6 13 29 
29 23 7 22 6 29 
29 23 6 2 27 29 
29 29 16 7 22 13 
29 29 16 7 6 29 
29 29 16 2 13 27 
29 29 16 12 1 29 
29 29 16 1 12 29 
29 29 7 22 2 27 
29 29 22 6 1 29 
29 29 6 19 29 4 
29 29 2 26 1 29 
29 29 13 12 29 4 
29 29 13 12 29 4 
29 16 7 22 13 29 
29 16 2 13 27 29 
29 7 22 2 27 29 
9 9 13 4 13 4 
9 9 29 11 29 29 
9 13 33 33 33 11 
9 13 29 20 29 16 
9 13 29 20 16 29 
9 13 29 29 7 29 
9 13 2 4 11 13 
9 13 2 11 13 4 
9 13 4 11 2 13 
9 13 4 7 6 13 
9 13 4 13 12 1 
9 13 4 13 1 12 
9 13 11 2 13 4 
9 13 20 29 16 29 
9 13 7 6 13 4 
9 13 13 12 1 4 
9 13 13 1 12 4 
9 33 33 2 33 22 
9 33 33 18 33 6 
9 33 33 33 4 20 
9 33 33 33 11 13 
9 33 33 33 20 4 
9 33 33 33 23 1 
9 33 33 33 22 2 
9 33 33 33 12 12 
9 27 29 2 20 29 
9 27 29 2 20 29 
9 27 29 20 29 2 
9 27 29 20 2 29 
9 27 2 20 29 29 
9 27 18 4 23 27 
9 27 18 11 16 27 
9 27 18 20 7 27 
9 27 18 26 1 27 
9 27 18 23 27 4 
9 27 18 26 1 27 
9 27 20 29 2 29 
9 29 2 18 29 29 
9 29 2 20 29 27 
9 29 2 20 27 29 
9 29 18 11 20 29 
9 29 18 11 20 29 
9 29 18 29 2 29 
9 29 4 29 16 29 
9 29 20 23 29 6 
9 29 20 23 6 29 
9 29 20 29 16 13 
9 29 20 29 7 22 
9 29 20 29 2 27 
9 29 20 16 13 29 
9 29 20 7 22 29 
9 29 20 2 27 29 
9 29 29 16 29 4 
9 29 29 7 13 29 
9 29 29 19 1 29 
9 2 20 29 27 29 
9 18 11 20 29 29 
9 20 23 29 6 29 
9 20 29 16 13 29 
9 20 29 7 22 29 
9 20 29 2 27 29 
9 13 33 33 33 11 
9 13 29 20 29 16 
9 13 29 20 16 29 
9 13 29 29 7 29 
9 13 2 4 11 13 
9 13 2 11 13 4 
9 13 4 11 2 13 
9 13 4 7 6 13 
9 13 4 13 12 1 
9 13 4 13 1 12 
9 13 11 2 13 4 
9 13 20 29 16 29 
9 13 7 6 13 4 
9 13 13 12 1 4 
9 13 13 1 12 4 
9 33 33 2 33 22 
9 33 33 18 33 6 
9 33 33 33 4 20 
9 33 33 33 11 13 
9 33 33 33 20 4 
9 33 33 33 23 1 
9 33 33 33 22 2 
9 33 33 33 12 12 
9 27 29 2 20 29 
9 27 29 2 20 29 
9 27 29 20 29 2 
9 27 29 20 2 29 
9 27 2 20 29 29 
9 27 18 4 23 27 
9 27 18 11 16 27 
9 27 18 20 7 27 
9 27 18 26 1 27 
9 27 18 23 27 4 
9 27 18 26 1 27 
9 27 20 29 2 29 
9 29 2 18 29 29 
9 29 2 20 29 27 
9 29 2 20 27 29 
9 29 18 11 20 29 
9 29 18 11 20 29 
9 29 18 29 2 29 
9 29 4 29 16 29 
9 29 20 23 29 6 
9 29 20 23 6 29 
9 29 20 29 16 13 
9 29 20 29 7 22 
9 29 20 29 2 27 
9 29 20 16 13 29 
9 29 20 7 22 29 
9 29 20 2 27 29 
9 29 29 16 29 4 
9 29 29 7 13 29 
9 29 29 19 1 29 
9 2 20 29 27 29 
9 18 11 20 29 29 
9 20 23 29 6 29 
9 20 29 16 13 29 
9 20 29 7 22 29 
9 20 29 2 27 29 
13 33 27 33 20 6 
13 33 27 33 20 6 
13 33 29 33 4 20 
13 33 29 33 20 4 
13 33 29 33 4 20 
13 33 29 33 20 4 
13 33 33 2 18 33 
13 33 33 18 33 2 
13 33 33 33 4 16 
13 33 33 33 16 4 
13 33 33 33 7 13 
13 33 33 33 19 1 
13 33 33 4 20 29 
13 33 33 4 20 29 
13 33 33 11 20 22 
13 33 33 20 26 7 
13 33 33 20 29 4 
13 33 33 20 7 26 
13 33 33 20 6 27 
13 33 33 20 29 4 
13 33 33 4 20 29 
13 33 33 4 20 29 
13 33 33 11 20 22 
13 33 33 20 26 7 
13 33 33 20 29 4 
13 33 33 20 7 26 
13 33 33 20 6 27 
13 33 33 20 29 4 
13 27 29 2 29 16 
13 27 29 2 16 29 
13 27 29 29 16 2 
13 27 29 16 2 29 
13 27 33 33 20 6 
13 27 2 29 16 29 
13 27 29 16 2 29 
13 29 33 33 4 20 
13 29 33 33 20 4 
13 29 2 29 16 27 
13 29 2 16 27 29 
13 29 18 11 29 16 
13 29 18 11 16 29 
13 29 4 29 12 29 
13 29 4 29 12 29 
13 29 23 29 16 6 
13 29 23 16 6 29 
13 29 29 16 7 22 
13 29 29 16 2 27 
13 29 29 12 29 4 
13 29 29 12 29 4 
13 29 16 7 22 29 
13 29 16 2 27 29 
13 33 33 4 20 29 
13 33 33 4 20 29 
13 33 33 11 20 22 
13 33 33 20 26 7 
13 33 33 20 29 4 
13 33 33 20 7 26 
13 33 33 20 6 27 
13 33 33 20 29 4 
13 2 11 7 6 13 
13 2 11 13 12 1 
13 2 11 13 1 12 
13 2 29 16 27 29 
13 18 11 29 16 29 
13 4 26 22 26 13 
13 11 7 6 2 13 
13 11 2 13 12 1 
13 11 2 13 1 12 
13 20 26 6 26 13 
13 26 7 26 13 19 
13 26 22 26 13 4 
13 23 29 16 6 29 
13 29 16 7 22 29 
13 29 16 2 27 29 
13 7 6 13 12 1 
13 7 6 13 1 12 
33 27 29 33 4 6 
33 27 29 33 6 4 
33 27 29 33 4 6 
33 27 29 33 6 4 
33 27 33 2 33 4 
33 27 33 2 33 4 
33 27 33 33 4 2 
33 27 33 33 2 4 
33 27 33 4 29 6 
33 27 33 4 6 29 
33 27 33 11 22 6 
33 27 33 20 6 13 
33 27 33 26 7 6 
33 27 33 29 6 4 
33 27 33 7 6 26 
33 27 33 6 29 4 
33 27 33 4 29 6 
33 27 33 4 6 29 
33 27 33 11 22 6 
33 27 33 20 6 13 
33 27 33 26 7 6 
33 27 33 29 6 4 
33 27 33 7 6 26 
33 27 33 6 29 4 
33 29 33 2 33 2 
33 29 33 4 11 22 
33 29 33 4 20 13 
33 29 33 4 26 7 
33 29 33 4 29 4 
33 29 33 4 7 26 
33 29 33 4 6 27 
33 29 33 4 29 4 
33 29 33 11 22 4 
33 29 33 20 13 4 
33 29 33 26 7 4 
33 29 33 7 26 4 
33 29 33 6 27 4 
33 29 33 4 11 22 
33 29 33 4 20 13 
33 29 33 4 26 7 
33 29 33 4 29 4 
33 29 33 4 7 26 
33 29 33 4 6 27 
33 29 33 4 29 4 
33 29 33 11 22 4 
33 29 33 20 13 4 
33 29 33 26 7 4 
33 29 33 7 26 4 
33 29 33 6 27 4 
33 33 2 18 33 13 
33 33 2 33 4 27 
33 33 2 33 11 20 
33 33 2 33 29 2 
33 33 2 33 2 29 
33 33 2 33 19 12 
33 33 2 33 19 12 
33 33 2 33 27 4 
33 33 18 33 4 11 
33 33 18 33 11 4 
33 33 18 33 2 13 
33 33 33 4 23 6 
33 33 33 4 16 13 
33 33 33 4 7 22 
33 33 33 4 2 27 
33 33 33 11 20 2 
33 33 33 11 16 6 
33 33 33 20 7 6 
33 33 33 20 12 1 
33 33 33 20 1 12 
33 33 33 26 6 1 
33 33 33 23 6 4 
33 33 33 16 13 4 
33 33 33 7 22 4 
33 33 33 6 26 1 
33 33 33 2 19 12 
33 33 33 2 19 12 
33 33 33 2 27 4 
33 33 33 13 19 1 
33 33 4 11 29 22 
33 33 4 11 22 29 
33 33 4 20 29 13 
33 33 4 20 13 29 
33 33 4 26 29 7 
33 33 4 26 7 29 
33 33 4 29 7 26 
33 33 4 29 6 27 
33 33 4 29 29 4 
33 33 4 7 26 29 
33 33 4 6 27 29 
33 33 11 20 22 13 
33 33 11 26 7 22 
33 33 11 29 22 4 
33 33 11 7 22 26 
33 33 11 22 6 27 
33 33 11 22 29 4 
33 33 20 26 7 13 
33 33 20 29 13 4 
33 33 20 7 26 13 
33 33 20 6 13 27 
33 33 20 13 29 4 
33 33 26 29 7 4 
33 33 26 7 6 27 
33 33 26 7 29 4 
33 33 29 7 26 4 
33 33 29 6 27 4 
33 33 7 6 26 27 
33 33 7 26 29 4 
33 33 6 27 29 4 
33 33 4 11 29 22 
33 33 4 11 22 29 
33 33 4 20 29 13 
33 33 4 20 13 29 
33 33 4 26 29 7 
33 33 4 26 7 29 
33 33 4 29 7 26 
33 33 4 29 6 27 
33 33 4 29 29 4 
33 33 4 7 26 29 
33 33 4 6 27 29 
33 33 11 20 22 13 
33 33 11 26 7 22 
33 33 11 29 22 4 
33 33 11 7 22 26 
33 33 11 22 6 27 
33 33 11 22 29 4 
33 33 20 26 7 13 
33 33 20 29 13 4 
33 33 20 7 26 13 
33 33 20 6 13 27 
33 33 20 13 29 4 
33 33 26 29 7 4 
33 33 26 7 6 27 
33 33 26 7 29 4 
33 33 29 7 26 4 
33 33 29 6 27 4 
33 33 7 6 26 27 
33 33 7 26 29 4 
33 33 6 27 29 4 
27 29 33 33 4 6 
27 29 33 33 6 4 
27 29 2 18 11 29 
27 29 2 18 11 29 
27 29 2 23 29 6 
27 29 2 23 6 29 
27 29 2 29 16 13 
27 29 2 29 7 22 
27 29 2 29 2 27 
27 29 2 16 13 29 
27 29 2 7 22 29 
27 29 2 2 27 29 
27 29 18 11 29 2 
27 29 18 11 2 29 
27 29 23 29 6 2 
27 29 23 6 2 29 
27 29 29 16 2 13 
27 29 29 7 22 2 
27 29 16 2 13 29 
27 29 7 22 2 29 
27 33 33 4 29 6 
27 33 33 4 6 29 
27 33 33 11 22 6 
27 33 33 20 6 13 
27 33 33 26 7 6 
27 33 33 29 6 4 
27 33 33 7 6 26 
27 33 33 6 29 4 
27 2 18 11 29 29 
27 2 23 29 6 29 
27 2 29 16 13 29 
27 2 29 7 22 29 
27 2 29 2 27 29 
27 18 11 29 2 29 
27 4 11 23 16 27 
27 4 20 23 7 27 
27 4 26 23 1 27 
27 4 23 26 1 27 
27 11 20 16 7 27 
27 11 26 16 1 27 
27 11 23 16 27 4 
27 11 16 26 1 27 
27 20 26 7 1 27 
27 20 23 7 27 4 
27 20 7 26 1 27 
27 26 23 1 27 4 
27 23 29 6 2 29 
27 23 26 1 27 4 
27 29 16 2 13 29 
27 29 7 22 2 29 
29 33 33 4 11 22 
29 33 33 4 20 13 
29 33 33 4 26 7 
29 33 33 4 29 4 
29 33 33 4 7 26 
29 33 33 4 6 27 
29 33 33 4 29 4 
29 33 33 11 22 4 
29 33 33 20 13 4 
29 33 33 26 7 4 
29 33 33 7 26 4 
29 33 33 6 27 4 
29 2 18 11 29 27 
29 2 18 11 27 29 
29 2 4 23 29 29 
29 2 11 29 16 29 
29 2 20 29 7 29 
29 2 26 29 1 29 
29 2 23 29 6 27 
29 2 23 29 29 4 
29 2 23 6 27 29 
29 2 29 16 13 27 
29 2 29 7 22 27 
29 2 29 26 1 29 
29 2 16 13 27 29 
29 2 7 22 27 29 
29 18 4 29 7 29 
29 18 11 23 29 6 
29 18 11 23 6 29 
29 18 11 29 16 13 
29 18 11 29 7 22 
29 18 11 29 2 27 
29 18 11 16 13 29 
29 18 11 7 22 29 
29 18 11 2 27 29 
29 18 29 7 29 4 
29 4 23 29 2 29 
29 4 29 6 19 29 
29 4 29 13 12 29 
29 4 29 13 12 29 
29 11 29 16 2 29 
29 11 29 6 12 29 
29 11 29 6 12 29 
29 20 29 7 2 29 
29 26 29 2 1 29 
29 23 29 16 6 13 
29 23 29 7 22 6 
29 23 29 6 2 27 
29 23 29 2 29 4 
29 23 16 6 13 29 
29 23 7 22 6 29 
29 23 6 2 27 29 
29 29 16 7 22 13 
29 29 16 7 6 29 
29 29 16 2 13 27 
29 29 16 12 1 29 
29 29 16 1 12 29 
29 29 7 22 2 27 
29 29 22 6 1 29 
29 29 6 19 29 4 
29 29 2 26 1 29 
29 29 13 12 29 4 
29 29 13 12 29 4 
29 16 7 22 13 29 
29 16 2 13 27 29 
29 7 22 2 27 29 
33 33 4 11 29 22 
33 33 4 11 22 29 
33 33 4 20 29 13 
33 33 4 20 13 29 
33 33 4 26 29 7 
33 33 4 26 7 29 
33 33 4 29 7 26 
33 33 4 29 6 27 
33 33 4 29 29 4 
33 33 4 7 26 29 
33 33 4 6 27 29 
33 33 11 20 22 13 
33 33 11 26 7 22 
33 33 11 29 22 4 
33 33 11 7 22 26 
33 33 11 22 6 27 
33 33 11 22 29 4 
33 33 20 26 7 13 
33 33 20 29 13 4 
33 33 20 7 26 13 
33 33 20 6 13 27 
33 33 20 13 29 4 
33 33 26 29 7 4 
33 33 26 7 6 27 
33 33 26 7 29 4 
33 33 29 7 26 4 
33 33 29 6 27 4 
33 33 7 6 26 27 
33 33 7 26 29 4 
33 33 6 27 29 4 
2 18 11 29 27 29 
2 23 29 6 27 29 
2 29 16 13 27 29 
2 29 7 22 27 29 
18 11 23 29 6 29 
18 11 29 16 13 29 
18 11 29 7 22 29 
18 11 29 2 27 29 
4 20 26 22 6 26 
4 26 7 22 26 19 
20 26 7 6 26 19 
20 26 22 6 26 4 
26 7 22 26 19 4 
23 29 16 6 13 29 
23 29 7 22 6 29 
23 29 6 2 27 29 
29 16 7 22 13 29 
29 16 2 13 27 29 
29 7 22 2 27 29 
Squares number: 1486
===========================================
Algorithm time: 0.075471
