[0]: 4
[1]: 9
[2]: 16
[3]: 9
[4]: 17
[5]: 15
[6]: 8
[7]: 9
[8]: 3
[9]: 12
[10]: 9
[11]: 10
[12]: 17
[13]: 3
[14]: 11
[15]: 9
[16]: 7
[17]: 16
[18]: 16
[19]: 6
===========================================
4 9 16 3 16 16 
4 9 16 12 7 16 
4 9 16 12 7 16 
4 9 16 3 16 16 
4 9 12 7 16 16 
4 16 9 3 16 16 
4 16 9 12 7 16 
4 16 9 12 7 16 
4 16 9 3 16 16 
4 16 9 3 16 16 
4 16 9 12 7 16 
4 16 9 12 7 16 
4 16 9 3 16 16 
4 16 3 9 16 16 
4 16 3 9 16 16 
4 16 12 9 7 16 
4 16 12 9 7 16 
4 16 12 10 16 6 
4 16 12 10 16 6 
4 16 12 9 7 16 
4 16 12 9 7 16 
4 16 9 3 16 16 
4 16 3 9 16 16 
4 9 12 7 16 16 
4 9 12 7 16 16 
4 12 9 7 16 16 
4 12 10 16 16 6 
4 12 9 7 16 16 
9 16 10 7 16 6 
9 16 10 7 16 6 
9 17 8 10 17 7 
9 17 8 17 11 6 
9 10 7 16 16 6 
16 9 10 7 16 6 
16 9 10 7 16 6 
16 9 10 7 16 6 
16 9 10 7 16 6 
16 3 10 3 16 16 
16 3 7 16 16 6 
16 9 10 7 16 6 
16 9 10 7 16 6 
16 10 9 7 16 6 
16 10 9 7 16 6 
16 3 7 16 16 6 
9 17 8 10 17 7 
9 17 8 17 11 6 
9 10 7 16 16 6 
17 8 9 10 17 7 
17 8 9 17 11 6 
17 8 9 10 17 7 
17 8 9 17 11 6 
17 8 10 17 9 7 
17 8 17 11 9 6 
17 10 17 11 7 6 
9 10 7 16 16 6 
9 10 7 16 16 6 
10 9 7 16 16 6 
Squares number: 57
===========================================
Algorithm time: 0.00108595
