[0]: 2
[1]: 27
[2]: 35
[3]: 22
[4]: 59
[5]: 19
[6]: 50
[7]: 9
[8]: 34
[9]: 37
[10]: 3
[11]: 45
[12]: 24
[13]: 17
[14]: 37
[15]: 17
[16]: 47
[17]: 6
[18]: 7
[19]: 6
[20]: 43
[21]: 46
[22]: 3
[23]: 15
[24]: 55
[25]: 43
[26]: 37
[27]: 57
[28]: 2
[29]: 58
[30]: 58
[31]: 3
[32]: 24
[33]: 32
[34]: 16
[35]: 23
[36]: 43
[37]: 5
[38]: 31
[39]: 8
[40]: 34
[41]: 25
[42]: 52
[43]: 49
[44]: 34
[45]: 20
[46]: 6
[47]: 12
[48]: 25
[49]: 12
[50]: 18
[51]: 8
[52]: 49
[53]: 12
[54]: 14
[55]: 44
[56]: 47
[57]: 50
[58]: 32
[59]: 48
===========================================
2 27 22 47 49 49 
2 27 22 49 49 47 
2 27 50 23 50 48 
2 27 34 7 32 34 
2 27 34 7 32 34 
2 27 34 7 34 32 
2 27 34 7 34 32 
2 27 34 5 34 34 
2 27 37 37 37 8 
2 27 37 37 37 8 
2 27 45 47 20 47 
2 27 7 32 34 34 
2 27 7 34 34 32 
2 27 43 43 43 14 
2 35 22 37 37 15 
2 35 22 37 15 37 
2 35 22 37 15 37 
2 35 19 37 37 18 
2 35 19 37 37 18 
2 35 19 37 37 18 
2 35 50 15 50 48 
2 35 34 37 3 37 
2 35 34 37 3 37 
2 35 34 37 37 3 
2 35 34 37 37 3 
2 35 34 37 3 37 
2 35 34 37 37 3 
2 35 34 3 37 37 
2 35 34 37 3 37 
2 35 34 37 37 3 
2 35 37 3 37 34 
2 35 37 3 37 34 
2 35 37 3 37 34 
2 35 37 3 37 34 
2 35 37 17 37 20 
2 35 37 17 37 20 
2 35 37 37 17 20 
2 35 37 37 6 31 
2 35 37 37 6 31 
2 35 37 37 3 34 
2 35 37 37 3 34 
2 35 37 37 3 34 
2 35 37 37 3 34 
2 35 37 37 32 5 
2 35 37 37 23 14 
2 35 37 37 5 32 
2 35 37 37 31 6 
2 35 37 37 25 12 
2 35 37 37 25 12 
2 35 37 37 25 12 
2 35 37 37 12 25 
2 35 37 37 25 12 
2 35 37 37 25 12 
2 35 37 17 37 20 
2 35 37 6 37 31 
2 35 37 6 37 31 
2 35 37 3 37 34 
2 35 37 3 37 34 
2 35 37 37 3 34 
2 35 37 37 3 34 
2 35 37 37 32 5 
2 35 37 37 23 14 
2 35 37 37 5 32 
2 35 37 37 31 6 
2 35 37 37 25 12 
2 35 37 37 25 12 
2 35 37 37 25 12 
2 35 37 37 12 25 
2 35 37 37 25 12 
2 35 37 37 25 12 
2 35 3 37 37 34 
2 35 3 37 37 34 
2 35 45 47 12 47 
2 35 45 47 12 47 
2 35 45 47 12 47 
2 35 17 37 37 20 
2 35 37 17 37 20 
2 35 37 6 37 31 
2 35 37 6 37 31 
2 35 37 3 37 34 
2 35 37 3 37 34 
2 35 37 37 3 34 
2 35 37 37 3 34 
2 35 37 37 32 5 
2 35 37 37 23 14 
2 35 37 37 5 32 
2 35 37 37 31 6 
2 35 37 37 25 12 
2 35 37 37 25 12 
2 35 37 37 25 12 
2 35 37 37 12 25 
2 35 37 37 25 12 
2 35 37 37 25 12 
2 35 47 49 49 14 
2 35 6 43 43 43 
2 35 6 43 43 43 
2 35 43 43 43 6 
2 35 49 49 14 47 
2 22 19 24 24 5 
2 22 19 43 43 43 
2 22 9 24 15 24 
2 22 34 32 34 12 
2 22 34 32 34 12 
2 22 34 32 34 12 
2 22 34 32 34 12 
2 22 34 32 34 12 
2 22 34 32 34 12 
2 22 34 34 12 32 
2 22 34 34 12 32 
2 22 34 34 12 32 
2 22 34 34 12 32 
2 22 34 34 12 32 
2 22 34 34 12 32 
2 22 3 23 25 25 
2 22 45 47 25 47 
2 22 45 47 25 47 
2 22 24 17 7 24 
2 22 24 17 7 24 
2 22 24 6 24 18 
2 22 24 6 24 18 
2 22 24 24 16 8 
2 22 24 24 16 8 
2 22 24 24 6 18 
2 22 24 24 12 12 
2 22 24 24 12 12 
2 22 24 24 12 12 
2 22 3 23 25 25 
2 22 3 23 25 25 
2 22 32 34 34 12 
2 22 32 34 34 12 
2 22 32 34 34 12 
2 22 34 34 12 32 
2 22 34 34 12 32 
2 22 34 34 12 32 
2 19 50 31 50 48 
2 19 34 15 32 34 
2 19 34 15 32 34 
2 19 34 15 34 32 
2 19 34 15 34 32 
2 19 37 37 37 16 
2 19 6 23 25 25 
2 19 6 23 25 25 
2 19 15 32 34 34 
2 19 15 34 34 32 
2 19 23 25 6 25 
2 50 34 16 50 48 
2 50 3 47 50 48 
2 50 3 47 50 48 
2 50 45 5 50 48 
2 50 47 3 50 48 
2 50 47 3 50 48 
2 50 6 44 50 48 
2 50 7 43 50 48 
2 50 7 43 50 48 
2 50 7 43 50 48 
2 50 6 44 50 48 
2 50 3 47 50 48 
2 50 3 47 50 48 
2 50 32 18 50 48 
2 50 16 34 50 48 
2 50 16 34 50 48 
2 50 25 25 50 48 
2 50 6 44 50 48 
2 50 18 50 32 48 
2 9 34 32 34 25 
2 9 34 32 34 25 
2 9 34 32 25 34 
2 9 34 32 34 25 
2 9 34 23 34 34 
2 9 34 34 25 32 
2 9 34 34 25 32 
2 9 34 25 34 32 
2 9 34 34 25 32 
2 9 17 17 15 8 
2 9 17 17 15 8 
2 9 43 43 32 43 
2 9 43 43 43 32 
2 9 32 34 25 34 
2 9 32 34 34 25 
2 9 16 23 25 25 
2 9 34 25 34 32 
2 9 34 34 25 32 
2 34 3 32 31 34 
2 34 3 32 31 34 
2 34 3 31 34 32 
2 34 3 31 34 32 
2 34 24 8 34 34 
2 34 24 34 34 8 
2 34 17 17 32 34 
2 34 17 17 32 34 
2 34 17 17 34 32 
2 34 17 17 34 32 
2 34 17 15 34 34 
2 34 17 15 34 34 
2 34 47 15 49 49 
2 34 7 43 43 43 
2 34 7 34 25 34 
2 34 7 34 34 25 
2 34 3 32 31 34 
2 34 3 32 31 34 
2 34 3 31 34 32 
2 34 3 31 34 32 
2 34 15 49 49 47 
2 34 2 32 34 32 
2 34 2 32 34 32 
2 34 3 32 31 34 
2 34 3 32 31 34 
2 34 3 31 34 32 
2 34 3 31 34 32 
2 34 24 8 34 34 
2 34 24 34 34 8 
2 34 32 16 34 18 
2 34 32 16 34 18 
2 34 32 34 20 14 
2 34 32 34 20 14 
2 34 16 34 18 32 
2 34 16 34 18 32 
2 34 34 34 20 12 
2 34 34 34 20 12 
2 34 34 34 20 12 
2 34 34 34 18 14 
2 34 34 20 14 32 
2 34 34 20 14 32 
2 37 3 37 37 32 
2 37 3 37 37 32 
2 37 17 37 37 18 
2 37 37 17 37 18 
2 37 37 3 37 32 
2 37 37 3 37 32 
2 37 37 15 37 20 
2 37 37 37 3 32 
2 37 37 37 3 32 
2 37 37 37 23 12 
2 37 37 37 23 12 
2 37 37 37 23 12 
2 37 47 49 12 49 
2 37 47 49 12 49 
2 37 47 49 49 12 
2 37 49 12 49 47 
2 37 49 12 49 47 
2 37 49 49 12 47 
2 3 45 47 44 47 
2 3 17 17 15 14 
2 3 47 46 49 49 
2 3 6 5 8 8 
2 3 7 12 12 12 
2 3 6 5 8 8 
2 3 46 49 49 47 
2 3 32 31 34 34 
2 3 5 8 6 8 
2 3 31 34 34 32 
2 45 24 47 23 47 
2 45 47 3 44 47 
2 45 47 15 32 47 
2 45 47 15 47 32 
2 45 47 3 44 47 
2 45 47 24 23 47 
2 45 47 16 31 47 
2 24 17 43 43 43 
2 24 17 43 43 43 
2 24 47 25 49 49 
2 24 47 49 25 49 
2 24 25 49 49 47 
2 24 49 25 49 47 
2 17 17 3 15 14 
2 17 17 15 3 14 
2 17 17 15 5 12 
2 17 17 15 5 12 
2 17 17 15 5 12 
2 17 17 32 34 34 
2 17 17 34 34 32 
2 17 47 32 49 49 
2 17 47 49 49 32 
2 17 43 43 24 43 
2 17 32 49 49 47 
2 17 23 8 25 25 
2 17 23 25 25 8 
2 17 49 49 47 32 
2 37 47 49 12 49 
2 37 47 49 12 49 
2 37 47 49 49 12 
2 37 49 12 49 47 
2 37 49 12 49 47 
2 37 49 49 12 47 
2 17 47 32 49 49 
2 17 47 49 49 32 
2 17 43 43 24 43 
2 17 32 49 49 47 
2 17 23 8 25 25 
2 17 23 25 25 8 
2 17 49 49 47 32 
2 47 6 43 49 49 
2 47 6 43 49 49 
2 47 6 43 49 49 
2 47 6 43 49 49 
2 47 6 43 49 49 
2 47 6 43 49 49 
2 47 43 49 6 49 
2 47 46 3 49 49 
2 47 46 3 49 49 
2 47 15 34 49 49 
2 47 15 49 34 49 
2 47 43 49 6 49 
2 47 37 49 12 49 
2 47 37 49 12 49 
2 47 37 49 49 12 
2 47 2 49 49 47 
2 47 24 25 49 49 
2 47 24 49 25 49 
2 47 43 49 6 49 
2 47 5 49 49 44 
2 47 31 49 18 49 
2 6 6 2 8 8 
2 6 43 49 49 47 
2 6 3 5 8 8 
2 6 43 49 49 47 
2 6 2 8 6 8 
2 6 3 5 8 8 
2 6 43 49 49 47 
2 7 43 43 43 34 
2 7 43 43 43 34 
2 7 3 12 12 12 
2 7 3 12 12 12 
2 7 23 25 25 18 
2 6 43 49 49 47 
2 6 3 5 8 8 
2 6 43 49 49 47 
2 6 2 8 6 8 
2 6 3 5 8 8 
2 6 43 49 49 47 
2 43 43 16 43 25 
2 43 43 16 43 25 
2 43 43 23 43 18 
2 43 49 6 49 47 
2 46 3 49 49 47 
2 46 3 49 49 47 
2 3 32 31 34 34 
2 3 5 8 6 8 
2 3 31 34 34 32 
2 15 34 49 49 47 
2 15 49 34 49 47 
2 43 49 6 49 47 
2 37 49 12 49 47 
2 37 49 12 49 47 
2 37 49 49 12 47 
2 2 32 34 34 32 
2 2 8 12 12 12 
2 2 12 12 8 12 
2 3 32 31 34 34 
2 3 5 8 6 8 
2 3 31 34 34 32 
2 24 25 49 49 47 
2 24 49 25 49 47 
2 32 16 34 34 18 
2 32 34 34 20 14 
2 16 34 34 18 32 
2 23 5 25 20 25 
2 43 49 6 49 47 
2 5 49 49 44 47 
2 31 49 18 49 47 
2 34 34 20 14 32 
27 35 22 49 49 14 
27 35 50 15 23 50 
27 35 47 20 12 47 
27 35 47 20 12 47 
27 35 47 20 12 47 
27 35 43 43 16 8 
27 35 43 43 16 8 
27 35 43 16 43 8 
27 35 43 16 43 8 
27 35 43 16 43 8 
27 35 43 16 43 8 
27 35 58 58 23 31 
27 22 34 7 34 12 
27 22 34 7 34 12 
27 22 34 7 34 12 
27 22 34 7 34 12 
27 22 34 7 34 12 
27 22 34 7 34 12 
27 22 34 15 49 49 
27 22 37 49 12 49 
27 22 37 49 12 49 
27 22 37 49 49 12 
27 22 3 46 49 49 
27 22 24 25 49 49 
27 22 24 49 25 49 
27 22 17 32 49 49 
27 22 17 49 49 32 
27 22 37 49 12 49 
27 22 37 49 12 49 
27 22 37 49 49 12 
27 22 17 32 49 49 
27 22 17 49 49 32 
27 22 47 2 49 49 
27 22 47 25 20 47 
27 22 47 20 25 47 
27 22 6 43 49 49 
27 22 6 43 49 49 
27 22 6 43 49 49 
27 22 7 34 34 12 
27 22 7 34 34 12 
27 22 7 34 34 12 
27 22 6 43 49 49 
27 22 6 43 49 49 
27 22 6 43 49 49 
27 22 43 49 6 49 
27 22 46 3 49 49 
27 22 46 3 49 49 
27 22 15 34 49 49 
27 22 15 49 34 49 
27 22 43 49 6 49 
27 22 37 49 12 49 
27 22 37 49 12 49 
27 22 37 49 49 12 
27 22 2 49 49 47 
27 22 24 25 49 49 
27 22 24 49 25 49 
27 22 43 49 6 49 
27 22 5 49 49 44 
27 22 31 49 18 49 
27 19 50 23 31 50 
27 19 34 7 15 34 
27 19 34 7 15 34 
27 19 24 43 43 16 
27 19 24 43 16 43 
27 19 24 43 16 43 
27 19 7 15 34 34 
27 19 43 43 24 16 
27 19 43 24 16 43 
27 19 43 24 16 43 
27 50 34 16 23 50 
27 50 3 47 23 50 
27 50 3 23 47 50 
27 50 45 23 5 50 
27 50 47 3 23 50 
27 50 47 3 23 50 
27 50 6 23 44 50 
27 50 7 43 23 50 
27 50 7 43 23 50 
27 50 7 23 43 50 
27 50 6 23 44 50 
27 50 3 23 47 50 
27 50 2 23 50 48 
27 50 58 58 31 8 
27 50 58 58 31 8 
27 50 3 23 47 50 
27 50 32 23 18 50 
27 50 16 23 34 50 
27 50 16 23 34 50 
27 50 23 25 25 50 
27 50 23 6 44 50 
27 50 23 18 50 32 
27 9 34 7 34 25 
27 9 34 7 34 25 
27 9 34 7 25 34 
27 9 34 7 34 25 
27 9 34 43 43 16 
27 9 34 43 16 43 
27 9 34 43 16 43 
27 9 7 43 43 43 
27 9 7 34 25 34 
27 9 7 34 34 25 
27 9 43 43 16 34 
27 9 43 43 16 34 
27 9 43 16 43 34 
27 9 43 16 43 34 
27 9 43 16 43 34 
27 9 43 16 43 34 
27 9 58 58 31 49 
27 9 58 58 31 49 
27 9 32 23 5 32 
27 34 3 7 31 34 
27 34 3 7 31 34 
27 34 24 58 58 31 
27 34 17 17 7 34 
27 34 17 17 7 34 
27 34 7 3 31 34 
27 34 7 3 31 34 
27 34 7 2 32 34 
27 34 7 2 32 34 
27 34 7 2 34 32 
27 34 7 2 34 32 
27 34 7 3 31 34 
27 34 7 3 31 34 
27 34 7 16 34 18 
27 34 7 16 34 18 
27 34 7 34 20 14 
27 34 7 34 20 14 
27 34 2 5 34 34 
27 34 58 58 24 31 
27 37 3 37 7 37 
27 37 37 7 3 37 
27 37 37 7 37 3 
27 37 37 37 2 8 
27 37 37 37 2 8 
27 37 6 43 43 16 
27 37 6 43 16 43 
27 37 6 43 16 43 
27 37 6 43 43 16 
27 37 6 43 16 43 
27 37 6 43 16 43 
27 37 43 43 16 6 
27 37 43 16 43 6 
27 37 43 16 43 6 
27 3 47 20 44 47 
27 3 7 31 34 34 
27 3 55 58 58 31 
27 45 47 2 20 47 
27 24 47 23 20 47 
27 24 58 58 31 34 
27 24 58 58 31 34 
27 24 32 5 8 32 
27 24 32 5 8 32 
27 17 17 7 34 34 
27 17 15 32 5 32 
27 37 6 43 43 16 
27 37 6 43 16 43 
27 37 6 43 16 43 
27 37 6 43 43 16 
27 37 6 43 16 43 
27 37 6 43 16 43 
27 37 43 43 16 6 
27 37 43 16 43 6 
27 37 43 16 43 6 
27 17 15 32 5 32 
27 47 3 20 44 47 
27 47 15 32 20 47 
27 47 15 20 47 32 
27 47 3 20 44 47 
27 47 24 23 20 47 
27 47 16 31 20 47 
27 6 43 43 37 16 
27 6 43 37 16 43 
27 6 43 37 16 43 
27 6 58 58 31 52 
27 7 3 31 34 34 
27 7 2 32 34 34 
27 7 2 34 34 32 
27 7 3 31 34 34 
27 7 32 5 25 32 
27 7 32 5 25 32 
27 7 16 34 34 18 
27 7 34 34 20 14 
27 6 43 43 37 16 
27 6 43 37 16 43 
27 6 43 37 16 43 
27 6 58 58 31 52 
27 43 15 58 58 31 
27 43 43 37 16 6 
27 43 43 2 43 14 
27 43 43 16 23 20 
27 43 43 16 31 12 
27 43 43 16 31 12 
27 43 43 16 31 12 
27 43 43 16 25 18 
27 43 43 16 25 18 
27 43 43 43 8 8 
27 43 37 16 43 6 
27 43 16 23 43 20 
27 43 16 43 31 12 
27 43 16 43 31 12 
27 43 16 43 31 12 
27 43 16 43 25 18 
27 43 16 43 25 18 
27 46 58 58 31 12 
27 46 58 58 31 12 
27 46 58 58 31 12 
27 3 55 58 58 31 
27 15 43 58 58 31 
27 15 58 58 43 31 
27 55 58 58 3 31 
27 43 37 16 43 6 
27 43 16 23 43 20 
27 43 16 43 31 12 
27 43 16 43 31 12 
27 43 16 43 31 12 
27 43 16 43 25 18 
27 43 16 43 25 18 
27 58 58 24 31 34 
27 58 58 24 31 34 
27 58 58 31 8 50 
27 58 58 31 52 6 
27 58 58 31 8 50 
27 58 58 31 14 44 
27 24 32 5 8 32 
27 24 32 5 8 32 
27 32 5 20 12 32 
27 32 5 20 12 32 
27 32 5 20 12 32 
27 32 5 18 14 32 
35 22 37 37 15 2 
35 22 37 15 37 2 
35 22 37 15 37 2 
35 22 47 25 12 47 
35 22 47 25 12 47 
35 22 47 25 12 47 
35 22 47 12 25 47 
35 22 47 25 12 47 
35 22 47 25 12 47 
35 19 50 15 31 50 
35 19 37 37 2 18 
35 19 37 37 2 18 
35 19 24 43 43 8 
35 19 24 43 43 8 
35 19 24 43 43 8 
35 19 24 43 43 8 
35 19 24 43 43 8 
35 19 24 43 43 8 
35 19 37 37 2 18 
35 19 43 43 24 8 
35 19 43 43 24 8 
35 19 43 24 43 8 
35 19 43 24 43 8 
35 19 43 24 43 8 
35 19 43 24 43 8 
35 50 34 15 16 50 
35 50 3 47 15 50 
35 50 3 15 47 50 
35 50 45 15 5 50 
35 50 47 3 15 50 
35 50 47 15 3 50 
35 50 6 15 44 50 
35 50 7 43 15 50 
35 50 7 15 43 50 
35 50 7 15 43 50 
35 50 6 15 44 50 
35 50 3 15 47 50 
35 50 15 2 50 48 
35 50 15 3 47 50 
35 50 15 32 18 50 
35 50 15 16 34 50 
35 50 15 16 34 50 
35 50 15 25 25 50 
35 50 15 6 44 50 
35 50 15 18 50 32 
35 50 58 58 23 8 
35 50 58 58 23 8 
35 9 34 43 43 8 
35 9 34 43 43 8 
35 9 34 43 43 8 
35 9 34 43 43 8 
35 9 34 43 43 8 
35 9 34 43 43 8 
35 9 43 43 8 34 
35 9 43 43 8 34 
35 9 43 43 34 8 
35 9 43 43 34 8 
35 9 43 43 8 34 
35 9 43 43 8 34 
35 9 43 43 34 8 
35 9 43 43 34 8 
35 9 43 43 8 34 
35 9 43 43 8 34 
35 9 43 43 34 8 
35 9 43 43 34 8 
35 9 58 58 23 49 
35 9 58 58 23 49 
35 34 37 3 37 2 
35 34 37 3 37 2 
35 34 37 37 3 2 
35 34 37 37 2 3 
35 34 37 3 37 2 
35 34 37 37 2 3 
35 34 3 37 37 2 
35 34 24 58 58 23 
35 34 37 3 37 2 
35 34 37 37 2 3 
35 34 15 49 49 14 
35 34 58 58 24 23 
35 37 3 37 2 34 
35 37 3 37 2 34 
35 37 3 37 2 34 
35 37 3 37 2 34 
35 37 17 37 2 20 
35 37 17 37 2 20 
35 37 37 17 2 20 
35 37 37 6 2 31 
35 37 37 6 2 31 
35 37 37 3 2 34 
35 37 37 3 2 34 
35 37 37 2 3 34 
35 37 37 2 3 34 
35 37 37 2 32 5 
35 37 37 2 23 14 
35 37 37 2 5 32 
35 37 37 2 31 6 
35 37 37 2 25 12 
35 37 37 2 25 12 
35 37 37 2 25 12 
35 37 37 2 12 25 
35 37 37 2 25 12 
35 37 37 2 25 12 
35 37 17 37 2 20 
35 37 6 43 43 8 
35 37 6 43 43 8 
35 37 6 43 43 8 
35 37 6 43 43 8 
35 37 6 43 43 8 
35 37 6 43 43 8 
35 37 6 37 2 31 
35 37 6 43 43 8 
35 37 6 43 43 8 
35 37 6 43 43 8 
35 37 6 43 43 8 
35 37 6 43 43 8 
35 37 6 43 43 8 
35 37 6 37 2 31 
35 37 43 43 8 6 
35 37 43 43 6 8 
35 37 43 43 8 6 
35 37 43 43 6 8 
35 37 3 37 2 34 
35 37 3 37 2 34 
35 37 43 43 8 6 
35 37 43 43 6 8 
35 37 37 2 3 34 
35 37 37 2 3 34 
35 37 37 2 32 5 
35 37 37 2 23 14 
35 37 37 2 5 32 
35 37 37 2 31 6 
35 37 37 2 25 12 
35 37 37 2 25 12 
35 37 37 2 25 12 
35 37 37 2 12 25 
35 37 37 2 25 12 
35 37 37 2 25 12 
35 37 49 12 49 14 
35 37 49 12 49 14 
35 37 49 49 12 14 
35 3 37 37 2 34 
35 3 37 37 2 34 
35 3 47 12 44 47 
35 3 47 12 44 47 
35 3 47 12 44 47 
35 3 43 43 43 5 
35 3 46 49 49 14 
35 3 55 58 58 23 
35 45 47 2 12 47 
35 45 47 2 12 47 
35 45 47 2 12 47 
35 24 47 23 12 47 
35 24 47 23 12 47 
35 24 47 23 12 47 
35 24 58 58 23 34 
35 24 58 58 23 34 
35 24 25 49 49 14 
35 24 49 25 49 14 
35 17 37 37 2 20 
35 17 32 49 49 14 
35 17 49 49 14 32 
35 37 17 37 2 20 
35 37 6 43 43 8 
35 37 6 43 43 8 
35 37 6 43 43 8 
35 37 6 43 43 8 
35 37 6 43 43 8 
35 37 6 43 43 8 
35 37 6 37 2 31 
35 37 6 43 43 8 
35 37 6 43 43 8 
35 37 6 43 43 8 
35 37 6 43 43 8 
35 37 6 43 43 8 
35 37 6 43 43 8 
35 37 6 37 2 31 
35 37 43 43 8 6 
35 37 43 43 6 8 
35 37 43 43 8 6 
35 37 43 43 6 8 
35 37 3 37 2 34 
35 37 3 37 2 34 
35 37 43 43 8 6 
35 37 43 43 6 8 
35 37 37 2 3 34 
35 37 37 2 3 34 
35 37 37 2 32 5 
35 37 37 2 23 14 
35 37 37 2 5 32 
35 37 37 2 31 6 
35 37 37 2 25 12 
35 37 37 2 25 12 
35 37 37 2 25 12 
35 37 37 2 12 25 
35 37 37 2 25 12 
35 37 37 2 25 12 
35 37 49 12 49 14 
35 37 49 12 49 14 
35 37 49 49 12 14 
35 17 32 49 49 14 
35 17 49 49 14 32 
35 47 3 12 44 47 
35 47 3 12 44 47 
35 47 3 12 44 47 
35 47 15 32 12 47 
35 47 15 32 12 47 
35 47 15 32 12 47 
35 47 15 12 47 32 
35 47 15 12 47 32 
35 47 15 12 47 32 
35 47 2 49 49 14 
35 47 3 12 44 47 
35 47 3 12 44 47 
35 47 3 12 44 47 
35 47 24 23 12 47 
35 47 24 23 12 47 
35 47 24 23 12 47 
35 47 16 31 12 47 
35 47 16 31 12 47 
35 47 16 31 12 47 
35 6 43 43 37 8 
35 6 43 43 37 8 
35 6 43 43 2 43 
35 6 43 37 43 8 
35 6 43 37 43 8 
35 6 43 49 49 14 
35 6 43 37 43 8 
35 6 43 37 43 8 
35 6 43 49 49 14 
35 6 58 58 23 52 
35 6 43 49 49 14 
35 6 43 43 37 8 
35 6 43 43 37 8 
35 6 43 43 2 43 
35 6 43 37 43 8 
35 6 43 37 43 8 
35 6 43 49 49 14 
35 6 43 37 43 8 
35 6 43 37 43 8 
35 6 43 49 49 14 
35 6 58 58 23 52 
35 6 43 49 49 14 
35 43 3 43 43 5 
35 43 15 58 58 23 
35 43 43 37 8 6 
35 43 43 37 6 8 
35 43 43 2 43 6 
35 43 43 3 43 5 
35 43 43 23 8 20 
35 43 43 23 20 8 
35 43 43 31 8 12 
35 43 43 31 8 12 
35 43 43 31 8 12 
35 43 43 31 12 8 
35 43 43 31 12 8 
35 43 43 31 8 12 
35 43 43 8 25 18 
35 43 43 8 25 18 
35 43 43 25 18 8 
35 43 43 25 18 8 
35 43 37 43 8 6 
35 43 37 43 6 8 
35 43 23 43 8 20 
35 43 23 43 20 8 
35 43 43 31 8 12 
35 43 43 31 8 12 
35 43 43 31 8 12 
35 43 43 31 12 8 
35 43 43 31 12 8 
35 43 43 31 8 12 
35 43 43 8 25 18 
35 43 43 8 25 18 
35 43 43 25 18 8 
35 43 43 25 18 8 
35 43 49 6 49 14 
35 46 3 49 49 14 
35 46 58 58 23 12 
35 46 58 58 23 12 
35 46 58 58 23 12 
35 46 3 49 49 14 
35 3 55 58 58 23 
35 15 43 58 58 23 
35 15 58 58 23 43 
35 15 34 49 49 14 
35 15 49 34 49 14 
35 55 58 58 3 23 
35 43 37 43 8 6 
35 43 37 43 6 8 
35 43 23 43 8 20 
35 43 23 43 20 8 
35 43 43 31 8 12 
35 43 43 31 8 12 
35 43 43 31 8 12 
35 43 43 31 12 8 
35 43 43 31 12 8 
35 43 43 31 8 12 
35 43 43 8 25 18 
35 43 43 8 25 18 
35 43 43 25 18 8 
35 43 43 25 18 8 
35 43 49 6 49 14 
35 37 49 12 49 14 
35 37 49 12 49 14 
35 37 49 49 12 14 
35 2 49 49 14 47 
35 58 58 24 23 34 
35 58 58 24 23 34 
35 58 58 23 8 50 
35 58 58 23 52 6 
35 58 58 23 8 50 
35 58 58 23 14 44 
35 24 25 49 49 14 
35 24 49 25 49 14 
35 43 49 6 49 14 
35 5 49 49 14 44 
35 31 49 18 49 14 
22 19 34 15 34 12 
22 19 34 15 34 12 
22 19 34 15 34 12 
22 19 34 15 34 12 
22 19 34 15 34 12 
22 19 34 15 34 12 
22 19 37 37 15 18 
22 19 37 15 37 18 
22 19 3 6 25 25 
22 19 3 6 25 25 
22 19 3 25 6 25 
22 19 24 2 24 5 
22 19 37 15 37 18 
22 19 6 3 25 25 
22 19 6 3 25 25 
22 19 6 3 25 25 
22 19 6 3 25 25 
22 19 43 43 2 43 
22 19 3 25 6 25 
22 19 15 34 34 12 
22 19 15 34 34 12 
22 19 15 34 34 12 
22 19 3 25 6 25 
22 9 34 3 34 34 
22 9 34 3 34 34 
22 9 34 3 34 34 
22 9 34 34 25 12 
22 9 34 34 25 12 
22 9 34 34 25 12 
22 9 34 34 12 25 
22 9 34 34 25 12 
22 9 34 34 25 12 
22 9 34 25 34 12 
22 9 34 25 34 12 
22 9 34 25 34 12 
22 9 34 34 12 25 
22 9 34 34 25 12 
22 9 34 34 25 12 
22 9 37 37 6 37 
22 9 37 37 6 37 
22 9 37 37 37 6 
22 9 3 16 25 25 
22 9 24 15 2 24 
22 9 43 43 43 12 
22 9 43 43 43 12 
22 9 43 43 43 12 
22 9 3 16 25 25 
22 9 3 16 25 25 
22 9 34 25 34 12 
22 9 34 25 34 12 
22 9 34 25 34 12 
22 9 34 34 12 25 
22 9 34 34 25 12 
22 9 34 34 25 12 
22 34 37 3 37 15 
22 34 37 3 15 37 
22 34 37 37 3 15 
22 34 37 37 15 3 
22 34 37 3 15 37 
22 34 37 15 37 3 
22 34 3 37 15 37 
22 34 3 31 34 12 
22 34 3 31 34 12 
22 34 3 31 34 12 
22 34 3 31 34 12 
22 34 3 31 34 12 
22 34 3 31 34 12 
22 34 17 17 34 12 
22 34 17 17 34 12 
22 34 17 17 34 12 
22 34 17 17 34 12 
22 34 17 17 34 12 
22 34 17 17 34 12 
22 34 37 3 15 37 
22 34 37 15 37 3 
22 34 6 6 34 34 
22 34 6 34 34 6 
22 34 7 5 34 34 
22 34 6 34 34 6 
22 34 3 31 34 12 
22 34 3 31 34 12 
22 34 3 31 34 12 
22 34 3 31 34 12 
22 34 3 31 34 12 
22 34 3 31 34 12 
22 34 2 32 34 12 
22 34 2 32 34 12 
22 34 2 32 34 12 
22 34 2 32 34 12 
22 34 2 32 34 12 
22 34 2 32 34 12 
22 34 2 34 12 32 
22 34 2 34 12 32 
22 34 2 34 12 32 
22 34 2 34 12 32 
22 34 2 34 12 32 
22 34 2 34 12 32 
22 34 3 31 34 12 
22 34 3 31 34 12 
22 34 3 31 34 12 
22 34 3 31 34 12 
22 34 3 31 34 12 
22 34 3 31 34 12 
22 34 16 34 12 18 
22 34 16 34 12 18 
22 34 16 34 18 12 
22 34 16 34 12 18 
22 34 16 34 12 18 
22 34 16 34 18 12 
22 34 34 20 12 14 
22 34 34 20 12 14 
22 34 34 20 12 14 
22 34 34 20 12 14 
22 34 34 20 12 14 
22 34 34 20 12 14 
22 37 3 37 15 34 
22 37 3 37 15 34 
22 37 3 37 37 12 
22 37 3 37 37 12 
22 37 3 37 37 12 
22 37 3 15 37 34 
22 37 3 15 37 34 
22 37 17 37 15 20 
22 37 17 15 37 20 
22 37 37 17 15 20 
22 37 37 6 15 31 
22 37 37 7 37 8 
22 37 37 7 37 8 
22 37 37 6 15 31 
22 37 37 3 15 34 
22 37 37 3 15 34 
22 37 37 3 37 12 
22 37 37 3 37 12 
22 37 37 3 37 12 
22 37 37 15 3 34 
22 37 37 15 3 34 
22 37 37 15 32 5 
22 37 37 15 23 14 
22 37 37 15 5 32 
22 37 37 15 31 6 
22 37 37 15 25 12 
22 37 37 15 25 12 
22 37 37 15 25 12 
22 37 37 15 12 25 
22 37 37 15 25 12 
22 37 37 15 25 12 
22 37 37 37 3 12 
22 37 37 37 3 12 
22 37 37 37 3 12 
22 37 17 15 37 20 
22 37 6 15 37 31 
22 37 6 15 37 31 
22 37 3 15 37 34 
22 37 3 15 37 34 
22 37 15 37 3 34 
22 37 15 37 3 34 
22 37 15 37 32 5 
22 37 15 37 23 14 
22 37 15 37 5 32 
22 37 15 37 31 6 
22 37 15 37 25 12 
22 37 15 37 25 12 
22 37 15 37 25 12 
22 37 15 37 12 25 
22 37 15 37 25 12 
22 37 15 37 25 12 
22 3 17 8 25 25 
22 3 17 25 25 8 
22 3 37 15 37 34 
22 3 37 15 37 34 
22 3 17 8 25 25 
22 3 17 25 25 8 
22 3 47 25 44 47 
22 3 47 25 44 47 
22 3 7 25 25 18 
22 3 43 43 43 18 
22 3 2 23 25 25 
22 3 5 25 20 25 
22 3 31 34 34 12 
22 3 31 34 34 12 
22 3 31 34 34 12 
22 45 47 2 25 47 
22 45 47 2 25 47 
22 24 17 7 2 24 
22 24 17 7 2 24 
22 24 47 23 25 47 
22 24 47 23 25 47 
22 24 6 2 24 18 
22 24 6 2 24 18 
22 24 2 24 16 8 
22 24 2 24 16 8 
22 24 2 24 6 18 
22 24 2 24 12 12 
22 24 2 24 12 12 
22 24 2 24 12 12 
22 17 37 15 37 20 
22 17 17 34 34 12 
22 17 17 34 34 12 
22 17 17 34 34 12 
22 17 3 8 25 25 
22 17 3 25 25 8 
22 17 3 8 25 25 
22 17 3 25 25 8 
22 37 17 15 37 20 
22 37 6 15 37 31 
22 37 6 15 37 31 
22 37 3 15 37 34 
22 37 3 15 37 34 
22 37 15 37 3 34 
22 37 15 37 3 34 
22 37 15 37 32 5 
22 37 15 37 23 14 
22 37 15 37 5 32 
22 37 15 37 31 6 
22 37 15 37 25 12 
22 37 15 37 25 12 
22 37 15 37 25 12 
22 37 15 37 12 25 
22 37 15 37 25 12 
22 37 15 37 25 12 
22 17 3 8 25 25 
22 17 3 25 25 8 
22 17 3 8 25 25 
22 17 3 25 25 8 
22 47 3 25 44 47 
22 47 3 25 44 47 
22 47 15 32 25 47 
22 47 15 32 25 47 
22 47 15 25 47 32 
22 47 15 25 47 32 
22 47 3 25 44 47 
22 47 3 25 44 47 
22 47 24 23 25 47 
22 47 24 23 25 47 
22 47 16 31 25 47 
22 47 16 31 25 47 
22 6 43 15 43 43 
22 7 43 43 43 14 
22 7 3 25 25 18 
22 7 3 25 25 18 
22 6 43 15 43 43 
22 43 3 43 43 18 
22 43 15 43 43 6 
22 43 43 3 43 18 
22 43 43 16 43 5 
22 3 2 23 25 25 
22 3 5 25 20 25 
22 3 31 34 34 12 
22 3 31 34 34 12 
22 3 31 34 34 12 
22 2 3 23 25 25 
22 2 32 34 34 12 
22 2 32 34 34 12 
22 2 32 34 34 12 
22 2 34 34 12 32 
22 2 34 34 12 32 
22 2 34 34 12 32 
22 3 5 25 20 25 
22 3 31 34 34 12 
22 3 31 34 34 12 
22 3 31 34 34 12 
22 16 34 34 12 18 
22 16 34 34 12 18 
22 16 34 34 18 12 
22 34 34 20 12 14 
22 34 34 20 12 14 
22 34 34 20 12 14 
19 50 34 16 31 50 
19 50 3 47 31 50 
19 50 3 31 47 50 
19 50 45 5 31 50 
19 50 47 3 31 50 
19 50 47 3 31 50 
19 50 6 31 44 50 
19 50 7 43 31 50 
19 50 7 43 31 50 
19 50 7 43 31 50 
19 50 6 31 44 50 
19 50 3 31 47 50 
19 50 2 31 50 48 
19 50 3 31 47 50 
19 50 32 31 18 50 
19 50 16 31 34 50 
19 50 16 31 34 50 
19 50 31 25 25 50 
19 50 31 6 44 50 
19 50 31 18 50 32 
19 9 34 24 43 43 
19 9 34 24 43 43 
19 9 34 24 43 43 
19 9 34 6 34 34 
19 9 34 6 34 34 
19 9 34 43 43 24 
19 9 34 43 24 43 
19 9 34 15 34 25 
19 9 34 15 34 25 
19 9 34 15 25 34 
19 9 34 15 34 25 
19 9 34 43 24 43 
19 9 34 34 34 6 
19 9 24 43 43 34 
19 9 24 43 43 34 
19 9 24 43 43 34 
19 9 24 43 43 34 
19 9 24 15 24 5 
19 9 24 43 43 34 
19 9 24 43 43 34 
19 9 6 16 25 25 
19 9 6 16 25 25 
19 9 43 15 43 43 
19 9 43 43 24 34 
19 9 43 43 24 34 
19 9 43 24 43 34 
19 9 43 24 43 34 
19 9 15 34 25 34 
19 9 15 34 34 25 
19 9 43 24 43 34 
19 9 43 24 43 34 
19 9 16 25 6 25 
19 34 37 3 37 18 
19 34 37 3 37 18 
19 34 37 37 3 18 
19 34 37 37 3 18 
19 34 37 3 37 18 
19 34 37 37 3 18 
19 34 3 37 37 18 
19 34 3 15 31 34 
19 34 3 15 31 34 
19 34 3 34 34 12 
19 34 3 34 34 12 
19 34 3 34 34 12 
19 34 17 17 15 34 
19 34 17 17 15 34 
19 34 37 3 37 18 
19 34 37 37 3 18 
19 34 7 8 34 34 
19 34 7 34 34 8 
19 34 3 15 31 34 
19 34 3 15 31 34 
19 34 3 34 34 12 
19 34 3 34 34 12 
19 34 3 34 34 12 
19 34 15 2 32 34 
19 34 15 2 32 34 
19 34 15 2 34 32 
19 34 15 2 34 32 
19 34 15 3 31 34 
19 34 15 3 31 34 
19 34 15 16 34 18 
19 34 15 16 34 18 
19 34 15 34 20 14 
19 34 15 34 20 14 
19 34 3 34 34 12 
19 34 3 34 34 12 
19 34 3 34 34 12 
19 37 3 37 15 37 
19 37 3 37 34 18 
19 37 3 37 34 18 
19 37 3 37 34 18 
19 37 3 37 34 18 
19 37 24 6 43 43 
19 37 24 6 43 43 
19 37 24 6 43 43 
19 37 24 6 43 43 
19 37 24 6 43 43 
19 37 24 6 43 43 
19 37 24 43 43 6 
19 37 24 43 43 6 
19 37 24 43 43 6 
19 37 17 37 20 18 
19 37 17 37 20 18 
19 37 37 17 20 18 
19 37 37 6 37 12 
19 37 37 6 37 12 
19 37 37 6 37 12 
19 37 37 6 31 18 
19 37 37 6 37 12 
19 37 37 6 37 12 
19 37 37 6 37 12 
19 37 37 6 31 18 
19 37 37 3 15 37 
19 37 37 3 34 18 
19 37 37 3 34 18 
19 37 37 15 37 3 
19 37 37 37 2 16 
19 37 37 37 6 12 
19 37 37 37 6 12 
19 37 37 37 6 12 
19 37 37 3 34 18 
19 37 37 3 34 18 
19 37 37 32 5 18 
19 37 37 23 18 14 
19 37 37 5 18 32 
19 37 37 31 6 18 
19 37 37 25 12 18 
19 37 37 25 12 18 
19 37 37 25 18 12 
19 37 37 12 25 18 
19 37 37 25 12 18 
19 37 37 25 18 12 
19 37 17 37 20 18 
19 37 6 43 43 24 
19 37 6 43 24 43 
19 37 6 43 24 43 
19 37 6 37 31 18 
19 37 6 43 43 24 
19 37 6 43 24 43 
19 37 6 43 24 43 
19 37 6 37 31 18 
19 37 43 43 24 6 
19 37 43 24 43 6 
19 37 3 37 34 18 
19 37 3 37 34 18 
19 37 43 24 43 6 
19 37 37 3 34 18 
19 37 37 3 34 18 
19 37 37 32 5 18 
19 37 37 23 18 14 
19 37 37 5 18 32 
19 37 37 31 6 18 
19 37 37 25 12 18 
19 37 37 25 12 18 
19 37 37 25 18 12 
19 37 37 12 25 18 
19 37 37 25 12 18 
19 37 37 25 18 12 
19 3 37 37 34 18 
19 3 37 37 34 18 
19 3 15 31 34 34 
19 24 17 7 24 5 
19 24 37 6 43 43 
19 24 37 6 43 43 
19 24 37 6 43 43 
19 24 37 6 43 43 
19 24 37 6 43 43 
19 24 37 6 43 43 
19 24 37 43 43 6 
19 24 37 43 43 6 
19 24 37 43 43 6 
19 24 17 7 24 5 
19 24 6 43 43 37 
19 24 6 43 37 43 
19 24 6 43 37 43 
19 24 6 24 5 18 
19 24 6 43 43 37 
19 24 6 43 37 43 
19 24 6 43 37 43 
19 24 6 24 5 18 
19 24 43 43 37 6 
19 24 43 43 23 20 
19 24 43 43 31 12 
19 24 43 43 31 12 
19 24 43 43 31 12 
19 24 43 43 25 18 
19 24 43 43 25 18 
19 24 43 37 43 6 
19 24 43 23 43 20 
19 24 43 43 31 12 
19 24 43 43 31 12 
19 24 43 43 31 12 
19 24 43 43 25 18 
19 24 43 43 25 18 
19 24 43 37 43 6 
19 24 43 23 43 20 
19 24 43 43 31 12 
19 24 43 43 31 12 
19 24 43 43 31 12 
19 24 43 43 25 18 
19 24 43 43 25 18 
19 24 24 16 5 8 
19 24 24 16 5 8 
19 24 24 5 6 18 
19 24 24 5 12 12 
19 24 24 5 12 12 
19 24 24 5 12 12 
19 17 37 37 20 18 
19 17 17 15 34 34 
19 17 6 8 25 25 
19 17 6 25 25 8 
19 17 7 43 43 43 
19 17 6 8 25 25 
19 17 6 25 25 8 
19 17 8 25 6 25 
19 17 25 6 25 8 
19 37 17 37 20 18 
19 37 6 43 43 24 
19 37 6 43 24 43 
19 37 6 43 24 43 
19 37 6 37 31 18 
19 37 6 43 43 24 
19 37 6 43 24 43 
19 37 6 43 24 43 
19 37 6 37 31 18 
19 37 43 43 24 6 
19 37 43 24 43 6 
19 37 3 37 34 18 
19 37 3 37 34 18 
19 37 43 24 43 6 
19 37 37 3 34 18 
19 37 37 3 34 18 
19 37 37 32 5 18 
19 37 37 23 18 14 
19 37 37 5 18 32 
19 37 37 31 6 18 
19 37 37 25 12 18 
19 37 37 25 12 18 
19 37 37 25 18 12 
19 37 37 12 25 18 
19 37 37 25 12 18 
19 37 37 25 18 12 
19 17 6 8 25 25 
19 17 6 25 25 8 
19 17 7 43 43 43 
19 17 6 8 25 25 
19 17 6 25 25 8 
19 17 8 25 6 25 
19 17 25 6 25 8 
19 6 7 25 25 18 
19 6 43 43 37 24 
19 6 43 43 43 18 
19 6 43 37 24 43 
19 6 43 37 24 43 
19 6 2 23 25 25 
19 6 5 25 20 25 
19 7 6 25 25 18 
19 7 25 6 25 18 
19 6 43 43 37 24 
19 6 43 43 43 18 
19 6 43 37 24 43 
19 6 43 37 24 43 
19 6 2 23 25 25 
19 6 5 25 20 25 
19 43 43 37 24 6 
19 43 43 24 23 20 
19 43 43 24 31 12 
19 43 43 24 31 12 
19 43 43 24 31 12 
19 43 43 24 25 18 
19 43 43 24 25 18 
19 43 43 16 43 8 
19 43 43 16 43 8 
19 43 43 43 6 18 
19 43 43 43 12 12 
19 43 43 43 12 12 
19 43 43 43 12 12 
19 43 37 24 43 6 
19 43 24 23 43 20 
19 43 24 43 31 12 
19 43 24 43 31 12 
19 43 24 43 31 12 
19 43 24 43 25 18 
19 43 24 43 25 18 
19 3 15 31 34 34 
19 15 2 32 34 34 
19 15 2 34 34 32 
19 15 3 31 34 34 
19 15 16 34 34 18 
19 15 34 34 20 14 
19 43 37 24 43 6 
19 43 24 23 43 20 
19 43 24 43 31 12 
19 43 24 43 31 12 
19 43 24 43 31 12 
19 43 24 43 25 18 
19 43 24 43 25 18 
19 2 23 25 6 25 
19 5 25 20 6 25 
50 9 58 58 8 49 
50 9 58 58 8 49 
50 9 58 58 49 8 
50 9 58 58 8 49 
50 34 3 47 16 50 
50 34 3 16 47 50 
50 34 45 16 5 50 
50 34 24 58 58 8 
50 34 24 58 58 8 
50 34 47 3 16 50 
50 34 47 3 16 50 
50 34 6 16 44 50 
50 34 7 43 16 50 
50 34 7 43 16 50 
50 34 7 16 43 50 
50 34 6 16 44 50 
50 34 3 16 47 50 
50 34 2 16 50 48 
50 34 58 58 24 8 
50 34 58 58 24 8 
50 34 3 16 47 50 
50 34 32 16 18 50 
50 34 16 25 25 50 
50 34 16 6 44 50 
50 34 16 18 50 32 
50 3 45 47 5 50 
50 3 45 5 47 50 
50 3 47 6 44 50 
50 3 47 7 43 50 
50 3 47 7 43 50 
50 3 47 7 43 50 
50 3 47 6 44 50 
50 3 47 3 47 50 
50 3 47 2 50 48 
50 3 47 3 47 50 
50 3 47 32 18 50 
50 3 47 16 34 50 
50 3 47 16 34 50 
50 3 47 25 25 50 
50 3 47 6 44 50 
50 3 47 18 50 32 
50 3 6 44 47 50 
50 3 7 43 47 50 
50 3 7 43 47 50 
50 3 7 43 47 50 
50 3 6 44 47 50 
50 3 55 58 58 8 
50 3 55 58 58 8 
50 3 2 47 50 48 
50 3 32 18 47 50 
50 3 16 34 47 50 
50 3 16 34 47 50 
50 3 25 25 47 50 
50 3 6 44 47 50 
50 3 18 47 50 32 
50 45 47 3 5 50 
50 45 47 3 5 50 
50 45 6 5 44 50 
50 45 7 43 5 50 
50 45 7 43 5 50 
50 45 7 43 5 50 
50 45 6 5 44 50 
50 45 3 5 47 50 
50 45 2 5 50 48 
50 45 3 5 47 50 
50 45 32 5 18 50 
50 45 16 5 34 50 
50 45 16 5 34 50 
50 45 5 25 25 50 
50 45 5 6 44 50 
50 45 5 18 50 32 
50 24 58 58 8 34 
50 24 58 58 8 34 
50 24 58 58 34 8 
50 24 58 58 34 8 
50 47 6 3 44 50 
50 47 6 3 44 50 
50 47 7 43 3 50 
50 47 7 43 3 50 
50 47 7 3 43 50 
50 47 7 3 43 50 
50 47 7 43 3 50 
50 47 7 3 43 50 
50 47 6 3 44 50 
50 47 6 3 44 50 
50 47 3 2 50 48 
50 47 3 3 47 50 
50 47 3 32 18 50 
50 47 3 16 34 50 
50 47 3 16 34 50 
50 47 3 25 25 50 
50 47 3 6 44 50 
50 47 3 18 50 32 
50 47 2 3 50 48 
50 47 3 32 18 50 
50 47 3 16 34 50 
50 47 3 16 34 50 
50 47 3 25 25 50 
50 47 3 6 44 50 
50 47 3 18 50 32 
50 6 7 43 44 50 
50 6 7 43 44 50 
50 6 7 43 44 50 
50 6 3 44 47 50 
50 6 2 44 50 48 
50 6 58 58 8 52 
50 6 58 58 52 8 
50 6 3 44 47 50 
50 6 32 18 44 50 
50 6 16 34 44 50 
50 6 16 34 44 50 
50 6 25 25 44 50 
50 6 18 44 50 32 
50 7 6 43 44 50 
50 7 6 43 44 50 
50 7 6 43 44 50 
50 7 43 3 47 50 
50 7 43 2 50 48 
50 7 43 3 47 50 
50 7 43 32 18 50 
50 7 43 16 34 50 
50 7 43 16 34 50 
50 7 43 25 25 50 
50 7 43 6 44 50 
50 7 43 18 50 32 
50 7 3 43 47 50 
50 7 3 43 47 50 
50 7 43 2 50 48 
50 7 43 3 47 50 
50 7 43 32 18 50 
50 7 43 16 34 50 
50 7 43 16 34 50 
50 7 43 25 25 50 
50 7 43 6 44 50 
50 7 43 18 50 32 
50 7 2 43 50 48 
50 7 3 43 47 50 
50 7 32 43 18 50 
50 7 16 43 34 50 
50 7 16 43 34 50 
50 7 43 25 25 50 
50 7 43 6 44 50 
50 7 43 18 50 32 
50 6 3 44 47 50 
50 6 2 44 50 48 
50 6 58 58 8 52 
50 6 58 58 52 8 
50 6 3 44 47 50 
50 6 32 18 44 50 
50 6 16 34 44 50 
50 6 16 34 44 50 
50 6 25 25 44 50 
50 6 18 44 50 32 
50 43 15 58 58 8 
50 43 15 58 58 8 
50 46 58 58 8 12 
50 46 58 58 8 12 
50 46 58 58 8 12 
50 46 58 58 12 8 
50 46 58 58 12 8 
50 46 58 58 8 12 
50 3 55 58 58 8 
50 3 55 58 58 8 
50 3 2 47 50 48 
50 3 32 18 47 50 
50 3 16 34 47 50 
50 3 16 34 47 50 
50 3 25 25 47 50 
50 3 6 44 47 50 
50 3 18 47 50 32 
50 15 43 58 58 8 
50 15 43 58 58 8 
50 15 58 58 43 8 
50 15 58 58 43 8 
50 55 58 58 3 8 
50 55 58 58 3 8 
50 2 3 47 50 48 
50 2 32 18 50 48 
50 2 16 34 50 48 
50 2 16 34 50 48 
50 2 25 25 50 48 
50 2 6 44 50 48 
50 2 18 50 32 48 
50 58 58 24 8 34 
50 58 58 24 8 34 
50 58 58 24 34 8 
50 58 58 24 34 8 
50 58 58 8 52 6 
50 58 58 8 8 50 
50 58 58 8 14 44 
50 58 58 52 6 8 
50 58 58 8 14 44 
50 3 32 18 47 50 
50 3 16 34 47 50 
50 3 16 34 47 50 
50 3 25 25 47 50 
50 3 6 44 47 50 
50 3 18 47 50 32 
50 32 16 34 18 50 
50 32 16 34 18 50 
50 32 25 25 18 50 
50 32 6 18 44 50 
50 16 34 25 25 50 
50 16 34 6 44 50 
50 16 34 18 50 32 
50 16 25 34 25 50 
50 16 34 6 44 50 
50 16 34 18 50 32 
50 25 6 25 44 50 
50 25 25 18 50 32 
50 6 18 44 50 32 
9 34 37 6 43 43 
9 34 37 6 43 43 
9 34 37 6 43 43 
9 34 37 6 43 43 
9 34 37 6 43 43 
9 34 37 6 43 43 
9 34 37 43 43 6 
9 34 37 43 43 6 
9 34 37 43 43 6 
9 34 3 31 34 25 
9 34 3 31 34 25 
9 34 3 31 25 34 
9 34 3 31 34 25 
9 34 24 58 58 49 
9 34 24 58 58 49 
9 34 17 17 34 25 
9 34 17 17 34 25 
9 34 17 17 25 34 
9 34 17 17 34 25 
9 34 17 8 34 34 
9 34 17 34 34 8 
9 34 37 6 43 43 
9 34 37 6 43 43 
9 34 37 6 43 43 
9 34 37 6 43 43 
9 34 37 6 43 43 
9 34 37 6 43 43 
9 34 37 43 43 6 
9 34 37 43 43 6 
9 34 37 43 43 6 
9 34 17 8 34 34 
9 34 17 34 34 8 
9 34 6 43 43 37 
9 34 6 43 37 43 
9 34 6 43 37 43 
9 34 7 34 34 18 
9 34 6 43 43 37 
9 34 6 43 37 43 
9 34 6 43 37 43 
9 34 43 43 37 6 
9 34 43 43 23 20 
9 34 43 43 31 12 
9 34 43 43 31 12 
9 34 43 43 31 12 
9 34 43 43 25 18 
9 34 43 43 25 18 
9 34 43 37 43 6 
9 34 43 23 43 20 
9 34 43 43 31 12 
9 34 43 43 31 12 
9 34 43 43 31 12 
9 34 43 43 25 18 
9 34 43 43 25 18 
9 34 3 31 34 25 
9 34 3 31 34 25 
9 34 3 31 25 34 
9 34 3 31 34 25 
9 34 43 37 43 6 
9 34 43 23 43 20 
9 34 43 43 31 12 
9 34 43 43 31 12 
9 34 43 43 31 12 
9 34 43 43 25 18 
9 34 43 43 25 18 
9 34 2 32 34 25 
9 34 2 32 34 25 
9 34 2 32 25 34 
9 34 2 32 34 25 
9 34 2 23 34 34 
9 34 2 34 25 32 
9 34 2 34 25 32 
9 34 2 25 34 32 
9 34 2 34 25 32 
9 34 58 58 24 49 
9 34 58 58 24 49 
9 34 3 31 34 25 
9 34 3 31 34 25 
9 34 3 31 25 34 
9 34 3 31 34 25 
9 34 16 34 25 18 
9 34 16 34 25 18 
9 34 16 25 34 18 
9 34 16 34 25 18 
9 34 5 34 34 20 
9 34 34 25 20 14 
9 34 34 20 25 14 
9 34 25 34 20 14 
9 34 34 20 25 14 
9 37 3 37 37 25 
9 37 3 37 37 25 
9 37 37 3 37 25 
9 37 37 3 37 25 
9 37 37 37 3 25 
9 37 37 37 3 25 
9 37 37 37 16 12 
9 37 37 37 16 12 
9 37 37 37 16 12 
9 37 37 37 23 5 
9 37 37 37 8 20 
9 37 37 37 20 8 
9 37 6 43 43 34 
9 37 6 43 43 34 
9 37 6 43 43 34 
9 37 6 43 43 34 
9 37 6 43 43 34 
9 37 6 43 43 34 
9 37 6 43 43 34 
9 37 6 43 43 34 
9 37 6 43 43 34 
9 37 6 43 43 34 
9 37 6 43 43 34 
9 37 6 43 43 34 
9 37 43 43 34 6 
9 37 43 43 34 6 
9 37 43 43 34 6 
9 37 43 43 34 6 
9 37 43 43 34 6 
9 37 43 43 34 6 
9 3 17 17 8 14 
9 3 17 17 8 14 
9 3 6 6 12 12 
9 3 6 6 12 12 
9 3 6 6 12 12 
9 3 6 6 12 12 
9 3 6 6 12 12 
9 3 6 6 12 12 
9 3 7 5 12 12 
9 3 7 5 12 12 
9 3 7 5 12 12 
9 3 6 6 12 12 
9 3 6 6 12 12 
9 3 6 6 12 12 
9 3 43 43 43 31 
9 3 55 58 58 49 
9 3 55 58 58 49 
9 3 31 34 25 34 
9 3 31 34 34 25 
9 24 17 7 15 24 
9 24 17 7 15 24 
9 24 6 15 24 18 
9 24 6 15 24 18 
9 24 15 24 16 8 
9 24 15 24 16 8 
9 24 15 24 6 18 
9 24 15 24 12 12 
9 24 15 24 12 12 
9 24 15 24 12 12 
9 24 58 58 34 49 
9 24 58 58 34 49 
9 24 58 58 49 34 
9 24 58 58 34 49 
9 24 32 23 8 32 
9 24 32 23 8 32 
9 17 17 43 43 43 
9 17 17 3 8 14 
9 17 17 3 8 14 
9 17 17 15 2 8 
9 17 17 15 2 8 
9 17 17 3 8 14 
9 17 17 3 8 14 
9 17 17 5 8 12 
9 17 17 5 8 12 
9 17 17 5 8 12 
9 17 17 5 12 8 
9 17 17 5 12 8 
9 17 17 5 8 12 
9 17 17 34 25 34 
9 17 17 34 34 25 
9 17 15 32 23 32 
9 17 16 8 25 25 
9 17 16 25 25 8 
9 37 6 43 43 34 
9 37 6 43 43 34 
9 37 6 43 43 34 
9 37 6 43 43 34 
9 37 6 43 43 34 
9 37 6 43 43 34 
9 37 6 43 43 34 
9 37 6 43 43 34 
9 37 6 43 43 34 
9 37 6 43 43 34 
9 37 6 43 43 34 
9 37 6 43 43 34 
9 37 43 43 34 6 
9 37 43 43 34 6 
9 37 43 43 34 6 
9 37 43 43 34 6 
9 37 43 43 34 6 
9 37 43 43 34 6 
9 17 15 32 23 32 
9 17 16 8 25 25 
9 17 16 25 25 8 
9 6 6 3 12 12 
9 6 6 3 12 12 
9 6 6 3 12 12 
9 6 6 3 12 12 
9 6 6 3 12 12 
9 6 6 3 12 12 
9 6 43 43 37 34 
9 6 43 43 37 34 
9 6 43 37 43 34 
9 6 43 37 43 34 
9 6 3 6 12 12 
9 6 3 6 12 12 
9 6 3 6 12 12 
9 6 43 37 43 34 
9 6 43 37 43 34 
9 6 58 58 52 49 
9 6 58 58 52 49 
9 6 3 6 12 12 
9 6 3 6 12 12 
9 6 3 6 12 12 
9 7 3 5 12 12 
9 7 3 5 12 12 
9 7 3 5 12 12 
9 7 3 5 12 12 
9 7 3 5 12 12 
9 7 3 5 12 12 
9 7 32 23 25 32 
9 7 32 23 25 32 
9 7 16 25 25 18 
9 6 43 43 37 34 
9 6 43 43 37 34 
9 6 43 37 43 34 
9 6 43 37 43 34 
9 6 3 6 12 12 
9 6 3 6 12 12 
9 6 3 6 12 12 
9 6 43 37 43 34 
9 6 43 37 43 34 
9 6 58 58 52 49 
9 6 58 58 52 49 
9 6 3 6 12 12 
9 6 3 6 12 12 
9 6 3 6 12 12 
9 43 3 43 43 31 
9 43 15 58 58 49 
9 43 15 58 58 49 
9 43 43 37 34 6 
9 43 43 37 34 6 
9 43 43 2 32 43 
9 43 43 2 43 32 
9 43 43 3 43 31 
9 43 43 16 43 18 
9 43 43 23 34 20 
9 43 43 23 34 20 
9 43 43 43 20 14 
9 43 43 31 34 12 
9 43 43 31 34 12 
9 43 43 31 34 12 
9 43 43 31 34 12 
9 43 43 31 34 12 
9 43 43 31 34 12 
9 43 43 34 25 18 
9 43 43 34 25 18 
9 43 43 25 34 18 
9 43 43 34 25 18 
9 43 37 43 34 6 
9 43 37 43 34 6 
9 43 23 43 34 20 
9 43 23 43 34 20 
9 43 43 31 34 12 
9 43 43 31 34 12 
9 43 43 31 34 12 
9 43 43 31 34 12 
9 43 43 31 34 12 
9 43 43 31 34 12 
9 43 43 34 25 18 
9 43 43 34 25 18 
9 43 43 25 34 18 
9 43 43 34 25 18 
9 46 58 58 49 12 
9 46 58 58 49 12 
9 46 58 58 49 12 
9 46 58 58 12 49 
9 46 58 58 12 49 
9 46 58 58 49 12 
9 3 55 58 58 49 
9 3 55 58 58 49 
9 3 31 34 25 34 
9 3 31 34 34 25 
9 15 43 58 58 49 
9 15 43 58 58 49 
9 15 58 58 43 49 
9 15 58 58 43 49 
9 55 58 58 3 49 
9 55 58 58 3 49 
9 43 37 43 34 6 
9 43 37 43 34 6 
9 43 23 43 34 20 
9 43 23 43 34 20 
9 43 43 31 34 12 
9 43 43 31 34 12 
9 43 43 31 34 12 
9 43 43 31 34 12 
9 43 43 31 34 12 
9 43 43 31 34 12 
9 43 43 34 25 18 
9 43 43 34 25 18 
9 43 43 25 34 18 
9 43 43 34 25 18 
9 2 32 34 25 34 
9 2 32 34 34 25 
9 2 16 23 25 25 
9 2 34 25 34 32 
9 2 34 34 25 32 
9 58 58 24 34 49 
9 58 58 24 34 49 
9 58 58 24 49 34 
9 58 58 24 34 49 
9 58 58 8 49 50 
9 58 58 8 49 50 
9 58 58 52 49 6 
9 58 58 52 6 49 
9 58 58 49 8 50 
9 58 58 49 14 44 
9 58 58 8 49 50 
9 58 58 49 14 44 
9 3 31 34 25 34 
9 3 31 34 34 25 
9 24 32 23 8 32 
9 24 32 23 8 32 
9 32 23 20 12 32 
9 32 23 20 12 32 
9 32 23 20 12 32 
9 32 23 18 14 32 
9 16 5 25 20 25 
9 16 34 25 34 18 
9 16 34 34 25 18 
9 34 25 34 20 14 
9 34 34 20 25 14 
34 37 3 17 37 20 
34 37 3 17 37 20 
34 37 3 37 17 20 
34 37 3 37 6 31 
34 37 3 37 6 31 
34 37 3 37 3 34 
34 37 3 37 3 34 
34 37 3 37 3 34 
34 37 3 37 3 34 
34 37 3 37 32 5 
34 37 3 37 23 14 
34 37 3 37 5 32 
34 37 3 37 31 6 
34 37 3 37 25 12 
34 37 3 37 25 12 
34 37 3 37 25 12 
34 37 3 37 12 25 
34 37 3 37 25 12 
34 37 3 37 25 12 
34 37 3 17 37 20 
34 37 3 6 37 31 
34 37 3 6 37 31 
34 37 3 3 37 34 
34 37 3 3 37 34 
34 37 3 37 3 34 
34 37 3 37 3 34 
34 37 3 37 32 5 
34 37 3 37 23 14 
34 37 3 37 5 32 
34 37 3 37 31 6 
34 37 3 37 25 12 
34 37 3 37 25 12 
34 37 3 37 25 12 
34 37 3 37 12 25 
34 37 3 37 25 12 
34 37 3 37 25 12 
34 37 17 37 3 20 
34 37 17 37 3 20 
34 37 17 3 37 20 
34 37 17 37 3 20 
34 37 37 17 3 20 
34 37 37 17 3 20 
34 37 37 6 3 31 
34 37 37 6 3 31 
34 37 37 6 3 31 
34 37 37 6 3 31 
34 37 37 3 3 34 
34 37 37 3 3 34 
34 37 37 3 32 5 
34 37 37 3 23 14 
34 37 37 3 5 32 
34 37 37 3 31 6 
34 37 37 3 25 12 
34 37 37 3 25 12 
34 37 37 3 25 12 
34 37 37 3 12 25 
34 37 37 3 25 12 
34 37 37 3 25 12 
34 37 37 3 32 5 
34 37 37 3 23 14 
34 37 37 3 5 32 
34 37 37 3 31 6 
34 37 37 3 25 12 
34 37 37 3 25 12 
34 37 37 3 25 12 
34 37 37 3 12 25 
34 37 37 3 25 12 
34 37 37 3 25 12 
34 37 17 3 37 20 
34 37 17 37 3 20 
34 37 6 3 37 31 
34 37 6 37 3 31 
34 37 6 3 37 31 
34 37 6 37 3 31 
34 37 3 37 3 34 
34 37 3 37 3 34 
34 37 3 37 32 5 
34 37 3 37 23 14 
34 37 3 37 5 32 
34 37 3 37 31 6 
34 37 3 37 25 12 
34 37 3 37 25 12 
34 37 3 37 25 12 
34 37 3 37 12 25 
34 37 3 37 25 12 
34 37 3 37 25 12 
34 37 15 49 12 49 
34 37 15 49 12 49 
34 37 15 49 49 12 
34 37 37 3 32 5 
34 37 37 3 23 14 
34 37 37 3 5 32 
34 37 37 3 31 6 
34 37 37 3 25 12 
34 37 37 3 25 12 
34 37 37 3 25 12 
34 37 37 3 12 25 
34 37 37 3 25 12 
34 37 37 3 25 12 
34 3 24 7 34 34 
34 3 24 55 58 58 
34 3 17 37 37 20 
34 3 17 17 31 34 
34 3 17 17 31 34 
34 3 17 34 34 14 
34 3 37 17 37 20 
34 3 37 6 37 31 
34 3 37 6 37 31 
34 3 37 3 37 34 
34 3 37 3 37 34 
34 3 37 37 3 34 
34 3 37 37 3 34 
34 3 37 37 32 5 
34 3 37 37 23 14 
34 3 37 37 5 32 
34 3 37 37 31 6 
34 3 37 37 25 12 
34 3 37 37 25 12 
34 3 37 37 25 12 
34 3 37 37 12 25 
34 3 37 37 25 12 
34 3 37 37 25 12 
34 3 17 34 34 14 
34 3 6 43 43 43 
34 3 6 34 25 34 
34 3 6 34 34 25 
34 3 7 24 34 34 
34 3 6 43 43 43 
34 3 6 34 25 34 
34 3 6 34 34 25 
34 3 43 43 43 6 
34 3 46 15 49 49 
34 3 15 16 34 34 
34 3 55 58 58 24 
34 3 2 32 31 34 
34 3 2 32 31 34 
34 3 2 31 34 32 
34 3 2 31 34 32 
34 3 16 31 34 18 
34 3 16 31 34 18 
34 3 23 8 34 34 
34 3 23 34 34 8 
34 3 31 34 20 14 
34 3 31 34 20 14 
34 3 34 25 34 6 
34 3 34 34 6 25 
34 24 6 58 58 52 
34 24 7 3 34 34 
34 24 7 3 34 34 
34 24 6 58 58 52 
34 24 43 15 58 58 
34 24 46 58 58 12 
34 24 46 58 58 12 
34 24 46 58 58 12 
34 24 3 55 58 58 
34 24 15 43 58 58 
34 24 15 58 58 43 
34 24 15 25 49 49 
34 24 15 49 25 49 
34 24 55 58 58 3 
34 24 2 8 34 34 
34 24 2 34 34 8 
34 24 58 58 24 34 
34 24 58 58 24 34 
34 24 58 58 8 50 
34 24 58 58 52 6 
34 24 58 58 8 50 
34 24 58 58 14 44 
34 17 37 3 37 20 
34 17 37 37 3 20 
34 17 17 3 31 34 
34 17 17 3 31 34 
34 17 17 2 32 34 
34 17 17 2 32 34 
34 17 17 2 34 32 
34 17 17 2 34 32 
34 17 17 3 31 34 
34 17 17 3 31 34 
34 17 17 16 34 18 
34 17 17 16 34 18 
34 17 17 34 20 14 
34 17 17 34 20 14 
34 17 3 34 34 14 
34 17 15 2 34 34 
34 17 15 32 49 49 
34 17 15 49 49 32 
34 17 3 34 34 14 
34 17 5 34 34 12 
34 17 5 34 34 12 
34 17 5 34 34 12 
34 37 17 3 37 20 
34 37 17 37 3 20 
34 37 6 3 37 31 
34 37 6 37 3 31 
34 37 6 3 37 31 
34 37 6 37 3 31 
34 37 3 37 3 34 
34 37 3 37 3 34 
34 37 3 37 32 5 
34 37 3 37 23 14 
34 37 3 37 5 32 
34 37 3 37 31 6 
34 37 3 37 25 12 
34 37 3 37 25 12 
34 37 3 37 25 12 
34 37 3 37 12 25 
34 37 3 37 25 12 
34 37 3 37 25 12 
34 37 15 49 12 49 
34 37 15 49 12 49 
34 37 15 49 49 12 
34 37 37 3 32 5 
34 37 37 3 23 14 
34 37 37 3 5 32 
34 37 37 3 31 6 
34 37 37 3 25 12 
34 37 37 3 25 12 
34 37 37 3 25 12 
34 37 37 3 12 25 
34 37 37 3 25 12 
34 37 37 3 25 12 
34 17 3 34 34 14 
34 17 15 2 34 34 
34 17 15 32 49 49 
34 17 15 49 49 32 
34 17 3 34 34 14 
34 17 5 34 34 12 
34 17 5 34 34 12 
34 17 5 34 34 12 
34 47 15 2 49 49 
34 6 43 3 43 43 
34 6 43 15 49 49 
34 6 43 43 3 43 
34 6 3 34 25 34 
34 6 3 34 34 25 
34 6 15 43 49 49 
34 6 15 43 49 49 
34 6 58 58 24 52 
34 6 3 34 25 34 
34 6 3 34 34 25 
34 6 16 34 34 12 
34 6 16 34 34 12 
34 6 16 34 34 12 
34 6 23 5 34 34 
34 6 8 34 34 20 
34 6 34 34 20 8 
34 7 43 43 2 43 
34 7 3 24 34 34 
34 7 15 34 34 12 
34 7 15 34 34 12 
34 7 15 34 34 12 
34 7 2 34 25 34 
34 7 2 34 34 25 
34 7 3 24 34 34 
34 6 43 3 43 43 
34 6 43 15 49 49 
34 6 43 43 3 43 
34 6 3 34 25 34 
34 6 3 34 34 25 
34 6 15 43 49 49 
34 6 15 43 49 49 
34 6 58 58 24 52 
34 6 3 34 25 34 
34 6 3 34 34 25 
34 6 16 34 34 12 
34 6 16 34 34 12 
34 6 16 34 34 12 
34 6 23 5 34 34 
34 6 8 34 34 20 
34 6 34 34 20 8 
34 43 3 43 43 6 
34 43 15 58 58 24 
34 43 15 49 6 49 
34 43 43 3 43 6 
34 46 3 15 49 49 
34 46 15 3 49 49 
34 46 58 58 24 12 
34 46 58 58 24 12 
34 46 58 58 24 12 
34 3 15 16 34 34 
34 3 55 58 58 24 
34 3 2 32 31 34 
34 3 2 32 31 34 
34 3 2 31 34 32 
34 3 2 31 34 32 
34 3 16 31 34 18 
34 3 16 31 34 18 
34 3 23 8 34 34 
34 3 23 34 34 8 
34 3 31 34 20 14 
34 3 31 34 20 14 
34 3 34 25 34 6 
34 3 34 34 6 25 
34 15 43 58 58 24 
34 15 43 49 6 49 
34 15 37 49 12 49 
34 15 37 49 12 49 
34 15 37 49 49 12 
34 15 2 49 49 47 
34 15 58 58 24 43 
34 15 3 16 34 34 
34 15 24 25 49 49 
34 15 24 49 25 49 
34 15 43 49 6 49 
34 15 5 34 34 14 
34 15 5 49 49 44 
34 15 31 49 18 49 
34 55 58 58 3 24 
34 2 3 32 31 34 
34 2 3 32 31 34 
34 2 3 31 34 32 
34 2 3 31 34 32 
34 2 24 8 34 34 
34 2 24 34 34 8 
34 2 32 16 34 18 
34 2 32 16 34 18 
34 2 32 34 20 14 
34 2 32 34 20 14 
34 2 16 34 18 32 
34 2 16 34 18 32 
34 2 34 34 20 12 
34 2 34 34 20 12 
34 2 34 34 20 12 
34 2 34 34 18 14 
34 2 34 20 14 32 
34 2 34 20 14 32 
34 58 58 24 8 50 
34 58 58 24 52 6 
34 58 58 24 8 50 
34 58 58 24 14 44 
34 3 16 31 34 18 
34 3 16 31 34 18 
34 3 23 8 34 34 
34 3 23 34 34 8 
34 3 31 34 20 14 
34 3 31 34 20 14 
34 3 34 25 34 6 
34 3 34 34 6 25 
34 16 34 34 6 12 
34 16 34 34 6 12 
34 16 34 34 6 12 
34 16 34 20 18 14 
34 16 34 20 18 14 
34 23 5 34 34 6 
34 8 34 34 20 6 
34 8 34 34 12 14 
34 8 34 34 12 14 
34 8 34 34 18 8 
34 8 34 34 12 14 
34 34 34 20 6 8 
34 34 34 12 8 14 
34 34 34 12 8 14 
34 34 34 8 12 14 
37 3 17 37 17 37 
37 3 17 37 34 20 
37 3 17 37 34 20 
37 3 17 37 34 20 
37 3 17 37 34 20 
37 3 37 17 34 20 
37 3 37 17 34 20 
37 3 37 6 31 34 
37 3 37 6 31 34 
37 3 37 6 31 34 
37 3 37 6 31 34 
37 3 37 3 37 31 
37 3 37 3 34 34 
37 3 37 37 2 32 
37 3 37 37 2 32 
37 3 37 37 3 31 
37 3 37 37 16 18 
37 3 37 37 20 14 
37 3 37 3 34 34 
37 3 37 32 5 34 
37 3 37 32 5 34 
37 3 37 23 34 14 
37 3 37 23 34 14 
37 3 37 5 34 32 
37 3 37 5 34 32 
37 3 37 31 34 6 
37 3 37 31 34 6 
37 3 37 34 25 12 
37 3 37 34 25 12 
37 3 37 34 25 12 
37 3 37 34 12 25 
37 3 37 34 25 12 
37 3 37 34 25 12 
37 3 37 25 34 12 
37 3 37 25 34 12 
37 3 37 25 34 12 
37 3 37 34 12 25 
37 3 37 34 25 12 
37 3 37 34 25 12 
37 3 17 37 34 20 
37 3 17 37 34 20 
37 3 6 37 31 34 
37 3 6 37 31 34 
37 3 6 37 31 34 
37 3 6 37 31 34 
37 3 43 3 43 43 
37 3 43 43 3 43 
37 3 46 49 12 49 
37 3 46 49 12 49 
37 3 46 49 49 12 
37 3 3 37 34 34 
37 3 37 3 34 34 
37 3 37 32 5 34 
37 3 37 32 5 34 
37 3 37 23 34 14 
37 3 37 23 34 14 
37 3 37 5 34 32 
37 3 37 5 34 32 
37 3 37 31 34 6 
37 3 37 31 34 6 
37 3 37 34 25 12 
37 3 37 34 25 12 
37 3 37 34 25 12 
37 3 37 34 12 25 
37 3 37 34 25 12 
37 3 37 34 25 12 
37 3 37 25 34 12 
37 3 37 25 34 12 
37 3 37 25 34 12 
37 3 37 34 12 25 
37 3 37 34 25 12 
37 3 37 34 25 12 
37 24 37 6 7 37 
37 24 37 7 6 37 
37 24 37 7 37 6 
37 24 37 37 5 8 
37 24 37 37 5 8 
37 24 25 49 12 49 
37 24 25 49 12 49 
37 24 25 49 49 12 
37 24 49 12 25 49 
37 24 49 25 12 49 
37 24 49 25 49 12 
37 17 37 17 3 37 
37 17 37 17 37 3 
37 17 37 6 37 14 
37 17 37 6 31 20 
37 17 37 6 37 14 
37 17 37 6 31 20 
37 17 37 3 34 20 
37 17 37 3 34 20 
37 17 37 15 37 5 
37 17 37 37 2 18 
37 17 37 37 8 12 
37 17 37 37 8 12 
37 17 37 37 8 12 
37 17 37 37 6 14 
37 17 37 37 12 8 
37 17 37 37 12 8 
37 17 37 37 8 12 
37 17 37 3 34 20 
37 17 37 3 34 20 
37 17 37 32 5 20 
37 17 37 23 20 14 
37 17 37 5 20 32 
37 17 37 31 20 6 
37 17 37 25 20 12 
37 17 37 25 20 12 
37 17 37 25 20 12 
37 17 37 20 12 25 
37 17 37 20 25 12 
37 17 37 20 25 12 
37 17 6 37 31 20 
37 17 6 37 31 20 
37 17 3 37 34 20 
37 17 3 37 34 20 
37 17 37 3 34 20 
37 17 37 3 34 20 
37 17 37 32 5 20 
37 17 37 23 20 14 
37 17 37 5 20 32 
37 17 37 31 20 6 
37 17 37 25 20 12 
37 17 37 25 20 12 
37 17 37 25 20 12 
37 17 37 20 12 25 
37 17 37 20 25 12 
37 17 37 20 25 12 
37 17 32 49 12 49 
37 17 32 49 12 49 
37 17 32 49 49 12 
37 17 49 12 49 32 
37 17 49 12 49 32 
37 17 49 49 12 32 
37 37 17 6 37 14 
37 37 17 6 31 20 
37 37 17 6 37 14 
37 37 17 6 31 20 
37 37 17 3 34 20 
37 37 17 3 34 20 
37 37 17 15 37 5 
37 37 17 37 2 18 
37 37 17 37 8 12 
37 37 17 37 8 12 
37 37 17 37 8 12 
37 37 17 37 6 14 
37 37 17 37 12 8 
37 37 17 37 12 8 
37 37 17 37 8 12 
37 37 17 3 34 20 
37 37 17 3 34 20 
37 37 17 32 5 20 
37 37 17 23 20 14 
37 37 17 5 20 32 
37 37 17 31 20 6 
37 37 17 25 20 12 
37 37 17 25 20 12 
37 37 17 25 20 12 
37 37 17 20 12 25 
37 37 17 20 25 12 
37 37 17 20 25 12 
37 37 6 7 37 24 
37 37 6 6 43 43 
37 37 6 6 43 43 
37 37 6 6 43 43 
37 37 6 6 37 25 
37 37 6 6 37 25 
37 37 6 43 43 6 
37 37 6 43 43 6 
37 37 6 3 31 34 
37 37 6 3 31 34 
37 37 6 15 37 16 
37 37 6 43 43 6 
37 37 6 37 23 8 
37 37 6 37 23 8 
37 37 6 37 25 6 
37 37 6 37 6 25 
37 37 6 3 31 34 
37 37 6 3 31 34 
37 37 6 32 5 31 
37 37 6 23 31 14 
37 37 6 5 31 32 
37 37 6 31 25 12 
37 37 6 31 25 12 
37 37 6 31 25 12 
37 37 6 31 12 25 
37 37 6 31 25 12 
37 37 6 31 25 12 
37 37 7 6 37 24 
37 37 7 37 24 6 
37 37 7 37 16 14 
37 37 7 37 5 25 
37 37 7 37 5 25 
37 37 7 37 12 18 
37 37 7 37 12 18 
37 37 7 37 18 12 
37 37 6 43 43 6 
37 37 6 43 43 6 
37 37 6 3 31 34 
37 37 6 3 31 34 
37 37 6 15 37 16 
37 37 6 43 43 6 
37 37 6 37 23 8 
37 37 6 37 23 8 
37 37 6 37 25 6 
37 37 6 37 6 25 
37 37 6 3 31 34 
37 37 6 3 31 34 
37 37 6 32 5 31 
37 37 6 23 31 14 
37 37 6 5 31 32 
37 37 6 31 25 12 
37 37 6 31 25 12 
37 37 6 31 25 12 
37 37 6 31 12 25 
37 37 6 31 25 12 
37 37 6 31 25 12 
37 37 3 37 2 32 
37 37 3 37 2 32 
37 37 3 37 3 31 
37 37 3 37 16 18 
37 37 3 37 20 14 
37 37 3 3 34 34 
37 37 3 32 5 34 
37 37 3 32 5 34 
37 37 3 23 34 14 
37 37 3 23 34 14 
37 37 3 5 34 32 
37 37 3 5 34 32 
37 37 3 31 34 6 
37 37 3 31 34 6 
37 37 3 34 25 12 
37 37 3 34 25 12 
37 37 3 34 25 12 
37 37 3 34 12 25 
37 37 3 34 25 12 
37 37 3 34 25 12 
37 37 3 25 34 12 
37 37 3 25 34 12 
37 37 3 25 34 12 
37 37 3 34 12 25 
37 37 3 34 25 12 
37 37 3 34 25 12 
37 37 15 37 2 20 
37 37 15 37 16 6 
37 37 15 37 8 14 
37 37 15 37 8 14 
37 37 37 2 3 32 
37 37 37 2 3 32 
37 37 37 2 23 12 
37 37 37 2 23 12 
37 37 37 2 23 12 
37 37 37 3 16 18 
37 37 37 3 20 14 
37 37 37 24 5 8 
37 37 37 24 5 8 
37 37 37 23 8 6 
37 37 37 23 6 8 
37 37 37 5 20 12 
37 37 37 5 20 12 
37 37 37 5 20 12 
37 37 37 5 18 14 
37 37 3 32 5 34 
37 37 3 32 5 34 
37 37 3 23 34 14 
37 37 3 23 34 14 
37 37 3 5 34 32 
37 37 3 5 34 32 
37 37 3 31 34 6 
37 37 3 31 34 6 
37 37 3 34 25 12 
37 37 3 34 25 12 
37 37 3 34 25 12 
37 37 3 34 12 25 
37 37 3 34 25 12 
37 37 3 34 25 12 
37 37 3 25 34 12 
37 37 3 25 34 12 
37 37 3 25 34 12 
37 37 3 34 12 25 
37 37 3 34 25 12 
37 37 3 34 25 12 
37 37 32 23 5 14 
37 37 32 5 31 6 
37 37 32 5 25 12 
37 37 32 5 25 12 
37 37 32 5 25 12 
37 37 32 5 12 25 
37 37 32 5 25 12 
37 37 32 5 25 12 
37 37 23 5 14 32 
37 37 23 31 6 14 
37 37 23 25 12 14 
37 37 23 25 12 14 
37 37 23 25 12 14 
37 37 23 12 25 14 
37 37 23 25 12 14 
37 37 23 25 12 14 
37 37 5 31 6 32 
37 37 5 25 12 32 
37 37 5 25 12 32 
37 37 5 25 12 32 
37 37 5 12 25 32 
37 37 5 25 12 32 
37 37 5 25 12 32 
37 37 31 25 6 12 
37 37 31 25 6 12 
37 37 31 25 6 12 
37 37 31 6 12 25 
37 37 31 6 25 12 
37 37 31 6 25 12 
37 37 25 12 25 12 
37 37 25 12 25 12 
37 37 25 25 12 12 
37 37 49 12 12 49 
37 37 49 12 49 12 
37 37 49 12 49 12 
37 17 6 37 31 20 
37 17 6 37 31 20 
37 17 3 37 34 20 
37 17 3 37 34 20 
37 17 37 3 34 20 
37 17 37 3 34 20 
37 17 37 32 5 20 
37 17 37 23 20 14 
37 17 37 5 20 32 
37 17 37 31 20 6 
37 17 37 25 20 12 
37 17 37 25 20 12 
37 17 37 25 20 12 
37 17 37 20 12 25 
37 17 37 20 25 12 
37 17 37 20 25 12 
37 17 32 49 12 49 
37 17 32 49 12 49 
37 17 32 49 49 12 
37 17 49 12 49 32 
37 17 49 12 49 32 
37 17 49 49 12 32 
37 47 2 49 12 49 
37 47 2 49 12 49 
37 47 2 49 49 12 
37 6 6 43 43 37 
37 6 6 43 37 43 
37 6 6 43 37 43 
37 6 43 43 37 6 
37 6 43 43 23 20 
37 6 43 43 31 12 
37 6 43 43 31 12 
37 6 43 43 31 12 
37 6 43 43 25 18 
37 6 43 43 25 18 
37 6 43 37 43 6 
37 6 43 23 43 20 
37 6 43 43 31 12 
37 6 43 43 31 12 
37 6 43 43 31 12 
37 6 43 43 25 18 
37 6 43 43 25 18 
37 6 43 49 12 49 
37 6 43 49 12 49 
37 6 43 49 49 12 
37 6 3 37 31 34 
37 6 3 37 31 34 
37 6 43 37 43 6 
37 6 43 23 43 20 
37 6 43 43 31 12 
37 6 43 43 31 12 
37 6 43 43 31 12 
37 6 43 43 25 18 
37 6 43 43 25 18 
37 6 43 49 12 49 
37 6 43 49 12 49 
37 6 43 49 49 12 
37 6 37 3 31 34 
37 6 37 3 31 34 
37 6 37 32 5 31 
37 6 37 23 31 14 
37 6 37 5 31 32 
37 6 37 31 25 12 
37 6 37 31 25 12 
37 6 37 31 25 12 
37 6 37 31 12 25 
37 6 37 31 25 12 
37 6 37 31 25 12 
37 6 43 49 12 49 
37 6 43 49 12 49 
37 6 43 49 49 12 
37 6 43 43 37 6 
37 6 43 43 23 20 
37 6 43 43 31 12 
37 6 43 43 31 12 
37 6 43 43 31 12 
37 6 43 43 25 18 
37 6 43 43 25 18 
37 6 43 37 43 6 
37 6 43 23 43 20 
37 6 43 43 31 12 
37 6 43 43 31 12 
37 6 43 43 31 12 
37 6 43 43 25 18 
37 6 43 43 25 18 
37 6 43 49 12 49 
37 6 43 49 12 49 
37 6 43 49 49 12 
37 6 3 37 31 34 
37 6 3 37 31 34 
37 6 43 37 43 6 
37 6 43 23 43 20 
37 6 43 43 31 12 
37 6 43 43 31 12 
37 6 43 43 31 12 
37 6 43 43 25 18 
37 6 43 43 25 18 
37 6 43 49 12 49 
37 6 43 49 12 49 
37 6 43 49 49 12 
37 6 37 3 31 34 
37 6 37 3 31 34 
37 6 37 32 5 31 
37 6 37 23 31 14 
37 6 37 5 31 32 
37 6 37 31 25 12 
37 6 37 31 25 12 
37 6 37 31 25 12 
37 6 37 31 12 25 
37 6 37 31 25 12 
37 6 37 31 25 12 
37 6 43 49 12 49 
37 6 43 49 12 49 
37 6 43 49 49 12 
37 43 3 43 3 43 
37 43 43 23 20 6 
37 43 43 31 6 12 
37 43 43 31 6 12 
37 43 43 31 6 12 
37 43 43 25 6 18 
37 43 43 6 25 18 
37 43 23 43 20 6 
37 43 43 31 6 12 
37 43 43 31 6 12 
37 43 43 31 6 12 
37 43 43 25 6 18 
37 43 43 6 25 18 
37 43 49 6 12 49 
37 43 49 6 12 49 
37 43 49 6 49 12 
37 46 3 49 12 49 
37 46 3 49 12 49 
37 46 3 49 49 12 
37 46 3 49 12 49 
37 46 3 49 12 49 
37 46 3 49 49 12 
37 3 37 3 34 34 
37 3 37 32 5 34 
37 3 37 32 5 34 
37 3 37 23 34 14 
37 3 37 23 34 14 
37 3 37 5 34 32 
37 3 37 5 34 32 
37 3 37 31 34 6 
37 3 37 31 34 6 
37 3 37 34 25 12 
37 3 37 34 25 12 
37 3 37 34 25 12 
37 3 37 34 12 25 
37 3 37 34 25 12 
37 3 37 34 25 12 
37 3 37 25 34 12 
37 3 37 25 34 12 
37 3 37 25 34 12 
37 3 37 34 12 25 
37 3 37 34 25 12 
37 3 37 34 25 12 
37 15 34 49 12 49 
37 15 34 49 12 49 
37 15 34 49 49 12 
37 15 49 34 12 49 
37 15 49 34 12 49 
37 15 49 34 49 12 
37 43 23 43 20 6 
37 43 43 31 6 12 
37 43 43 31 6 12 
37 43 43 31 6 12 
37 43 43 25 6 18 
37 43 43 6 25 18 
37 43 49 6 12 49 
37 43 49 6 12 49 
37 43 49 6 49 12 
37 37 3 32 5 34 
37 37 3 32 5 34 
37 37 3 23 34 14 
37 37 3 23 34 14 
37 37 3 5 34 32 
37 37 3 5 34 32 
37 37 3 31 34 6 
37 37 3 31 34 6 
37 37 3 34 25 12 
37 37 3 34 25 12 
37 37 3 34 25 12 
37 37 3 34 12 25 
37 37 3 34 25 12 
37 37 3 34 25 12 
37 37 3 25 34 12 
37 37 3 25 34 12 
37 37 3 25 34 12 
37 37 3 34 12 25 
37 37 3 34 25 12 
37 37 3 34 25 12 
37 37 32 23 5 14 
37 37 32 5 31 6 
37 37 32 5 25 12 
37 37 32 5 25 12 
37 37 32 5 25 12 
37 37 32 5 12 25 
37 37 32 5 25 12 
37 37 32 5 25 12 
37 37 23 5 14 32 
37 37 23 31 6 14 
37 37 23 25 12 14 
37 37 23 25 12 14 
37 37 23 25 12 14 
37 37 23 12 25 14 
37 37 23 25 12 14 
37 37 23 25 12 14 
37 37 5 31 6 32 
37 37 5 25 12 32 
37 37 5 25 12 32 
37 37 5 25 12 32 
37 37 5 12 25 32 
37 37 5 25 12 32 
37 37 5 25 12 32 
37 37 31 25 6 12 
37 37 31 25 6 12 
37 37 31 25 6 12 
37 37 31 6 12 25 
37 37 31 6 25 12 
37 37 31 6 25 12 
37 37 25 12 25 12 
37 37 25 12 25 12 
37 37 25 25 12 12 
37 37 49 12 12 49 
37 37 49 12 49 12 
37 37 49 12 49 12 
37 2 49 12 49 47 
37 2 49 12 49 47 
37 2 49 49 12 47 
37 24 25 49 12 49 
37 24 25 49 12 49 
37 24 25 49 49 12 
37 24 49 12 25 49 
37 24 49 25 12 49 
37 24 49 25 49 12 
37 43 49 6 12 49 
37 43 49 6 12 49 
37 43 49 6 49 12 
37 5 49 12 49 44 
37 5 49 12 49 44 
37 5 49 49 12 44 
37 31 49 12 18 49 
37 31 49 12 18 49 
37 31 49 18 49 12 
3 45 47 2 44 47 
3 24 47 23 44 47 
3 24 43 43 16 43 
3 24 46 25 49 49 
3 24 46 49 25 49 
3 24 55 58 58 34 
3 24 55 58 58 34 
3 17 37 37 34 20 
3 17 37 37 34 20 
3 17 17 15 2 14 
3 17 17 5 12 14 
3 17 17 5 12 14 
3 17 17 5 12 14 
3 17 17 31 34 34 
3 17 43 43 23 43 
3 17 46 32 49 49 
3 17 46 49 49 32 
3 37 17 37 34 20 
3 37 17 37 34 20 
3 37 6 37 31 34 
3 37 6 37 31 34 
3 37 6 37 31 34 
3 37 6 37 31 34 
3 37 43 3 43 43 
3 37 43 43 3 43 
3 37 46 49 12 49 
3 37 46 49 12 49 
3 37 46 49 49 12 
3 37 3 37 34 34 
3 37 37 3 34 34 
3 37 37 32 5 34 
3 37 37 32 5 34 
3 37 37 23 34 14 
3 37 37 23 34 14 
3 37 37 5 34 32 
3 37 37 5 34 32 
3 37 37 31 34 6 
3 37 37 31 34 6 
3 37 37 34 25 12 
3 37 37 34 25 12 
3 37 37 34 25 12 
3 37 37 34 12 25 
3 37 37 34 25 12 
3 37 37 34 25 12 
3 37 37 25 34 12 
3 37 37 25 34 12 
3 37 37 25 34 12 
3 37 37 34 12 25 
3 37 37 34 25 12 
3 37 37 34 25 12 
3 17 43 43 23 43 
3 17 46 32 49 49 
3 17 46 49 49 32 
3 47 46 2 49 49 
3 47 15 32 44 47 
3 47 15 44 47 32 
3 47 24 23 44 47 
3 47 16 31 44 47 
3 6 43 46 49 49 
3 6 43 43 43 34 
3 6 43 43 43 34 
3 6 46 43 49 49 
3 6 46 43 49 49 
3 6 3 12 12 12 
3 6 55 58 58 52 
3 6 2 5 8 8 
3 6 3 12 12 12 
3 7 2 12 12 12 
3 6 43 46 49 49 
3 6 43 43 43 34 
3 6 43 43 43 34 
3 6 46 43 49 49 
3 6 46 43 49 49 
3 6 3 12 12 12 
3 6 55 58 58 52 
3 6 2 5 8 8 
3 6 3 12 12 12 
3 43 46 49 6 49 
3 43 3 43 37 43 
3 43 15 55 58 58 
3 43 15 43 43 25 
3 43 15 43 43 25 
3 43 43 37 3 43 
3 43 43 24 16 43 
3 43 43 32 43 8 
3 43 43 32 43 8 
3 43 43 43 8 32 
3 43 43 43 34 6 
3 43 43 43 34 6 
3 43 43 43 8 32 
3 46 15 34 49 49 
3 46 15 49 34 49 
3 46 55 58 58 12 
3 46 55 58 58 12 
3 46 55 58 58 12 
3 46 43 49 6 49 
3 46 37 49 12 49 
3 46 37 49 12 49 
3 46 37 49 49 12 
3 46 2 49 49 47 
3 46 24 25 49 49 
3 46 24 49 25 49 
3 46 43 49 6 49 
3 46 5 49 49 44 
3 46 31 49 18 49 
3 3 6 12 12 12 
3 15 55 43 58 58 
3 15 55 58 58 43 
3 55 58 58 24 34 
3 55 58 58 24 34 
3 55 58 58 8 50 
3 55 58 58 52 6 
3 55 58 58 8 50 
3 55 58 58 14 44 
3 2 32 31 34 34 
3 2 5 8 6 8 
3 2 31 34 34 32 
3 3 6 12 12 12 
3 16 31 34 34 18 
3 31 34 34 20 14 
45 24 47 2 23 47 
45 47 3 2 44 47 
45 47 15 2 32 47 
45 47 15 2 47 32 
45 47 2 3 44 47 
45 47 2 24 23 47 
45 47 2 16 31 47 
24 17 6 7 24 18 
24 17 7 6 24 18 
24 17 7 24 16 8 
24 17 7 24 16 8 
24 17 7 24 6 18 
24 17 7 24 12 12 
24 17 7 24 12 12 
24 17 7 24 12 12 
24 17 43 43 2 43 
24 17 15 32 8 32 
24 17 15 32 8 32 
24 17 32 25 49 49 
24 17 32 49 25 49 
24 17 25 49 49 32 
24 17 49 25 49 32 
24 37 25 49 12 49 
24 37 25 49 12 49 
24 37 25 49 49 12 
24 37 49 12 25 49 
24 37 49 25 12 49 
24 37 49 25 49 12 
24 17 6 7 24 18 
24 17 7 6 24 18 
24 17 7 24 16 8 
24 17 7 24 16 8 
24 17 7 24 6 18 
24 17 7 24 12 12 
24 17 7 24 12 12 
24 17 7 24 12 12 
24 17 43 43 2 43 
24 17 15 32 8 32 
24 17 15 32 8 32 
24 17 32 25 49 49 
24 17 32 49 25 49 
24 17 25 49 49 32 
24 17 49 25 49 32 
24 47 3 23 44 47 
24 47 15 32 23 47 
24 47 15 23 47 32 
24 47 2 25 49 49 
24 47 2 49 25 49 
24 47 3 23 44 47 
24 47 16 23 31 47 
24 6 43 25 49 49 
24 6 43 49 25 49 
24 6 43 25 49 49 
24 6 43 49 25 49 
24 6 58 58 34 52 
24 6 58 58 52 34 
24 6 24 16 8 18 
24 6 24 16 18 8 
24 6 24 12 12 18 
24 6 24 12 18 12 
24 6 24 12 18 12 
24 6 43 25 49 49 
24 6 43 49 25 49 
24 7 43 43 43 12 
24 7 43 43 43 12 
24 7 43 43 43 12 
24 7 32 8 25 32 
24 7 32 8 25 32 
24 7 32 25 8 32 
24 7 32 25 8 32 
24 6 43 25 49 49 
24 6 43 49 25 49 
24 6 43 25 49 49 
24 6 43 49 25 49 
24 6 58 58 34 52 
24 6 58 58 52 34 
24 6 24 16 8 18 
24 6 24 16 18 8 
24 6 24 12 12 18 
24 6 24 12 18 12 
24 6 24 12 18 12 
24 6 43 25 49 49 
24 6 43 49 25 49 
24 43 3 43 16 43 
24 43 15 58 58 34 
24 43 15 58 58 34 
24 43 43 3 16 43 
24 43 43 43 5 14 
24 43 25 49 6 49 
24 43 49 6 25 49 
24 46 3 25 49 49 
24 46 3 49 25 49 
24 46 58 58 34 12 
24 46 58 58 34 12 
24 46 58 58 34 12 
24 46 58 58 34 12 
24 46 58 58 34 12 
24 46 58 58 34 12 
24 46 3 25 49 49 
24 46 3 49 25 49 
24 3 55 58 58 34 
24 3 55 58 58 34 
24 15 43 58 58 34 
24 15 43 58 58 34 
24 15 58 58 43 34 
24 15 58 58 43 34 
24 15 34 25 49 49 
24 15 34 49 25 49 
24 15 25 49 34 49 
24 15 49 34 25 49 
24 55 58 58 3 34 
24 55 58 58 3 34 
24 43 25 49 6 49 
24 43 49 6 25 49 
24 37 25 49 12 49 
24 37 25 49 12 49 
24 37 25 49 49 12 
24 37 49 12 25 49 
24 37 49 25 12 49 
24 37 49 25 49 12 
24 2 25 49 49 47 
24 2 49 25 49 47 
24 58 58 24 34 34 
24 58 58 8 34 50 
24 58 58 8 34 50 
24 58 58 34 52 6 
24 58 58 34 8 50 
24 58 58 34 14 44 
24 58 58 52 34 6 
24 58 58 34 8 50 
24 58 58 34 14 44 
24 24 32 8 8 32 
24 24 16 8 6 18 
24 24 16 8 12 12 
24 24 16 8 12 12 
24 24 16 8 12 12 
24 24 16 6 18 8 
24 24 16 12 12 8 
24 24 16 12 8 12 
24 24 16 12 8 12 
24 24 25 49 25 49 
24 24 6 12 12 18 
24 24 6 12 18 12 
24 24 6 12 18 12 
24 32 8 20 12 32 
24 32 8 20 12 32 
24 32 8 20 12 32 
24 32 8 18 14 32 
24 32 20 12 8 32 
24 32 20 12 8 32 
24 32 20 8 12 32 
24 32 18 8 14 32 
24 43 25 49 6 49 
24 43 49 6 25 49 
24 5 25 49 49 44 
24 5 49 25 49 44 
24 31 25 49 18 49 
24 31 49 25 18 49 
17 37 6 37 31 20 
17 37 6 37 31 20 
17 37 3 37 34 20 
17 37 3 37 34 20 
17 37 37 3 34 20 
17 37 37 3 34 20 
17 37 37 32 5 20 
17 37 37 23 20 14 
17 37 37 5 20 32 
17 37 37 31 20 6 
17 37 37 25 20 12 
17 37 37 25 20 12 
17 37 37 25 20 12 
17 37 37 20 12 25 
17 37 37 20 25 12 
17 37 37 20 25 12 
17 37 32 49 12 49 
17 37 32 49 12 49 
17 37 32 49 49 12 
17 37 49 12 49 32 
17 37 49 12 49 32 
17 37 49 49 12 32 
17 17 3 15 2 14 
17 17 3 5 12 14 
17 17 3 5 12 14 
17 17 3 5 12 14 
17 17 3 31 34 34 
17 17 15 2 3 14 
17 17 15 2 5 12 
17 17 15 2 5 12 
17 17 15 2 5 12 
17 17 2 32 34 34 
17 17 2 34 34 32 
17 17 3 5 12 14 
17 17 3 5 12 14 
17 17 3 5 12 14 
17 17 3 31 34 34 
17 17 32 49 49 32 
17 17 16 34 34 18 
17 17 8 25 25 8 
17 17 34 34 20 14 
17 47 2 32 49 49 
17 47 2 49 49 32 
17 6 43 43 43 20 
17 6 43 32 49 49 
17 6 43 49 49 32 
17 6 43 32 49 49 
17 6 43 49 49 32 
17 6 32 43 49 49 
17 6 43 49 49 32 
17 7 15 32 25 32 
17 7 15 32 25 32 
17 7 8 25 25 18 
17 7 25 25 18 8 
17 6 43 43 43 20 
17 6 43 32 49 49 
17 6 43 49 49 32 
17 6 43 32 49 49 
17 6 43 49 49 32 
17 6 32 43 49 49 
17 6 43 49 49 32 
17 43 3 43 23 43 
17 43 43 2 24 43 
17 43 43 3 23 43 
17 43 43 43 8 18 
17 43 43 43 20 6 
17 43 43 43 12 14 
17 43 43 43 12 14 
17 43 43 43 18 8 
17 43 43 43 12 14 
17 43 32 49 6 49 
17 43 49 6 49 32 
17 46 3 32 49 49 
17 46 3 49 49 32 
17 46 3 32 49 49 
17 46 3 49 49 32 
17 15 24 32 8 32 
17 15 24 32 8 32 
17 15 32 34 49 49 
17 15 32 49 34 49 
17 15 32 20 12 32 
17 15 32 20 12 32 
17 15 32 20 12 32 
17 15 32 18 14 32 
17 15 34 49 49 32 
17 15 49 34 49 32 
17 43 32 49 6 49 
17 43 49 6 49 32 
17 37 32 49 12 49 
17 37 32 49 12 49 
17 37 32 49 49 12 
17 37 49 12 49 32 
17 37 49 12 49 32 
17 37 49 49 12 32 
17 2 32 49 49 47 
17 2 23 8 25 25 
17 2 23 25 25 8 
17 2 49 49 47 32 
17 24 32 25 49 49 
17 24 32 49 25 49 
17 24 25 49 49 32 
17 24 49 25 49 32 
17 32 43 49 6 49 
17 32 5 49 49 44 
17 32 31 49 18 49 
17 43 49 6 49 32 
17 5 8 25 20 25 
17 5 25 20 25 8 
17 5 49 49 44 32 
17 31 49 18 49 32 
37 17 6 37 31 20 
37 17 6 37 31 20 
37 17 3 37 34 20 
37 17 3 37 34 20 
37 17 37 3 34 20 
37 17 37 3 34 20 
37 17 37 32 5 20 
37 17 37 23 20 14 
37 17 37 5 20 32 
37 17 37 31 20 6 
37 17 37 25 20 12 
37 17 37 25 20 12 
37 17 37 25 20 12 
37 17 37 20 12 25 
37 17 37 20 25 12 
37 17 37 20 25 12 
37 17 32 49 12 49 
37 17 32 49 12 49 
37 17 32 49 49 12 
37 17 49 12 49 32 
37 17 49 12 49 32 
37 17 49 49 12 32 
37 47 2 49 12 49 
37 47 2 49 12 49 
37 47 2 49 49 12 
37 6 6 43 43 37 
37 6 6 43 37 43 
37 6 6 43 37 43 
37 6 43 43 37 6 
37 6 43 43 23 20 
37 6 43 43 31 12 
37 6 43 43 31 12 
37 6 43 43 31 12 
37 6 43 43 25 18 
37 6 43 43 25 18 
37 6 43 37 43 6 
37 6 43 23 43 20 
37 6 43 43 31 12 
37 6 43 43 31 12 
37 6 43 43 31 12 
37 6 43 43 25 18 
37 6 43 43 25 18 
37 6 43 49 12 49 
37 6 43 49 12 49 
37 6 43 49 49 12 
37 6 3 37 31 34 
37 6 3 37 31 34 
37 6 43 37 43 6 
37 6 43 23 43 20 
37 6 43 43 31 12 
37 6 43 43 31 12 
37 6 43 43 31 12 
37 6 43 43 25 18 
37 6 43 43 25 18 
37 6 43 49 12 49 
37 6 43 49 12 49 
37 6 43 49 49 12 
37 6 37 3 31 34 
37 6 37 3 31 34 
37 6 37 32 5 31 
37 6 37 23 31 14 
37 6 37 5 31 32 
37 6 37 31 25 12 
37 6 37 31 25 12 
37 6 37 31 25 12 
37 6 37 31 12 25 
37 6 37 31 25 12 
37 6 37 31 25 12 
37 6 43 49 12 49 
37 6 43 49 12 49 
37 6 43 49 49 12 
37 6 43 43 37 6 
37 6 43 43 23 20 
37 6 43 43 31 12 
37 6 43 43 31 12 
37 6 43 43 31 12 
37 6 43 43 25 18 
37 6 43 43 25 18 
37 6 43 37 43 6 
37 6 43 23 43 20 
37 6 43 43 31 12 
37 6 43 43 31 12 
37 6 43 43 31 12 
37 6 43 43 25 18 
37 6 43 43 25 18 
37 6 43 49 12 49 
37 6 43 49 12 49 
37 6 43 49 49 12 
37 6 3 37 31 34 
37 6 3 37 31 34 
37 6 43 37 43 6 
37 6 43 23 43 20 
37 6 43 43 31 12 
37 6 43 43 31 12 
37 6 43 43 31 12 
37 6 43 43 25 18 
37 6 43 43 25 18 
37 6 43 49 12 49 
37 6 43 49 12 49 
37 6 43 49 49 12 
37 6 37 3 31 34 
37 6 37 3 31 34 
37 6 37 32 5 31 
37 6 37 23 31 14 
37 6 37 5 31 32 
37 6 37 31 25 12 
37 6 37 31 25 12 
37 6 37 31 25 12 
37 6 37 31 12 25 
37 6 37 31 25 12 
37 6 37 31 25 12 
37 6 43 49 12 49 
37 6 43 49 12 49 
37 6 43 49 49 12 
37 43 3 43 3 43 
37 43 43 23 20 6 
37 43 43 31 6 12 
37 43 43 31 6 12 
37 43 43 31 6 12 
37 43 43 25 6 18 
37 43 43 6 25 18 
37 43 23 43 20 6 
37 43 43 31 6 12 
37 43 43 31 6 12 
37 43 43 31 6 12 
37 43 43 25 6 18 
37 43 43 6 25 18 
37 43 49 6 12 49 
37 43 49 6 12 49 
37 43 49 6 49 12 
37 46 3 49 12 49 
37 46 3 49 12 49 
37 46 3 49 49 12 
37 46 3 49 12 49 
37 46 3 49 12 49 
37 46 3 49 49 12 
37 3 37 3 34 34 
37 3 37 32 5 34 
37 3 37 32 5 34 
37 3 37 23 34 14 
37 3 37 23 34 14 
37 3 37 5 34 32 
37 3 37 5 34 32 
37 3 37 31 34 6 
37 3 37 31 34 6 
37 3 37 34 25 12 
37 3 37 34 25 12 
37 3 37 34 25 12 
37 3 37 34 12 25 
37 3 37 34 25 12 
37 3 37 34 25 12 
37 3 37 25 34 12 
37 3 37 25 34 12 
37 3 37 25 34 12 
37 3 37 34 12 25 
37 3 37 34 25 12 
37 3 37 34 25 12 
37 15 34 49 12 49 
37 15 34 49 12 49 
37 15 34 49 49 12 
37 15 49 34 12 49 
37 15 49 34 12 49 
37 15 49 34 49 12 
37 43 23 43 20 6 
37 43 43 31 6 12 
37 43 43 31 6 12 
37 43 43 31 6 12 
37 43 43 25 6 18 
37 43 43 6 25 18 
37 43 49 6 12 49 
37 43 49 6 12 49 
37 43 49 6 49 12 
37 37 3 32 5 34 
37 37 3 32 5 34 
37 37 3 23 34 14 
37 37 3 23 34 14 
37 37 3 5 34 32 
37 37 3 5 34 32 
37 37 3 31 34 6 
37 37 3 31 34 6 
37 37 3 34 25 12 
37 37 3 34 25 12 
37 37 3 34 25 12 
37 37 3 34 12 25 
37 37 3 34 25 12 
37 37 3 34 25 12 
37 37 3 25 34 12 
37 37 3 25 34 12 
37 37 3 25 34 12 
37 37 3 34 12 25 
37 37 3 34 25 12 
37 37 3 34 25 12 
37 37 32 23 5 14 
37 37 32 5 31 6 
37 37 32 5 25 12 
37 37 32 5 25 12 
37 37 32 5 25 12 
37 37 32 5 12 25 
37 37 32 5 25 12 
37 37 32 5 25 12 
37 37 23 5 14 32 
37 37 23 31 6 14 
37 37 23 25 12 14 
37 37 23 25 12 14 
37 37 23 25 12 14 
37 37 23 12 25 14 
37 37 23 25 12 14 
37 37 23 25 12 14 
37 37 5 31 6 32 
37 37 5 25 12 32 
37 37 5 25 12 32 
37 37 5 25 12 32 
37 37 5 12 25 32 
37 37 5 25 12 32 
37 37 5 25 12 32 
37 37 31 25 6 12 
37 37 31 25 6 12 
37 37 31 25 6 12 
37 37 31 6 12 25 
37 37 31 6 25 12 
37 37 31 6 25 12 
37 37 25 12 25 12 
37 37 25 12 25 12 
37 37 25 25 12 12 
37 37 49 12 12 49 
37 37 49 12 49 12 
37 37 49 12 49 12 
37 2 49 12 49 47 
37 2 49 12 49 47 
37 2 49 49 12 47 
37 24 25 49 12 49 
37 24 25 49 12 49 
37 24 25 49 49 12 
37 24 49 12 25 49 
37 24 49 25 12 49 
37 24 49 25 49 12 
37 43 49 6 12 49 
37 43 49 6 12 49 
37 43 49 6 49 12 
37 5 49 12 49 44 
37 5 49 12 49 44 
37 5 49 49 12 44 
37 31 49 12 18 49 
37 31 49 12 18 49 
37 31 49 18 49 12 
17 47 2 32 49 49 
17 47 2 49 49 32 
17 6 43 43 43 20 
17 6 43 32 49 49 
17 6 43 49 49 32 
17 6 43 32 49 49 
17 6 43 49 49 32 
17 6 32 43 49 49 
17 6 43 49 49 32 
17 7 15 32 25 32 
17 7 15 32 25 32 
17 7 8 25 25 18 
17 7 25 25 18 8 
17 6 43 43 43 20 
17 6 43 32 49 49 
17 6 43 49 49 32 
17 6 43 32 49 49 
17 6 43 49 49 32 
17 6 32 43 49 49 
17 6 43 49 49 32 
17 43 3 43 23 43 
17 43 43 2 24 43 
17 43 43 3 23 43 
17 43 43 43 8 18 
17 43 43 43 20 6 
17 43 43 43 12 14 
17 43 43 43 12 14 
17 43 43 43 18 8 
17 43 43 43 12 14 
17 43 32 49 6 49 
17 43 49 6 49 32 
17 46 3 32 49 49 
17 46 3 49 49 32 
17 46 3 32 49 49 
17 46 3 49 49 32 
17 15 24 32 8 32 
17 15 24 32 8 32 
17 15 32 34 49 49 
17 15 32 49 34 49 
17 15 32 20 12 32 
17 15 32 20 12 32 
17 15 32 20 12 32 
17 15 32 18 14 32 
17 15 34 49 49 32 
17 15 49 34 49 32 
17 43 32 49 6 49 
17 43 49 6 49 32 
17 37 32 49 12 49 
17 37 32 49 12 49 
17 37 32 49 49 12 
17 37 49 12 49 32 
17 37 49 12 49 32 
17 37 49 49 12 32 
17 2 32 49 49 47 
17 2 23 8 25 25 
17 2 23 25 25 8 
17 2 49 49 47 32 
17 24 32 25 49 49 
17 24 32 49 25 49 
17 24 25 49 49 32 
17 24 49 25 49 32 
17 32 43 49 6 49 
17 32 5 49 49 44 
17 32 31 49 18 49 
17 43 49 6 49 32 
17 5 8 25 20 25 
17 5 25 20 25 8 
17 5 49 49 44 32 
17 31 49 18 49 32 
47 6 43 2 49 49 
47 6 43 2 49 49 
47 6 2 43 49 49 
47 6 43 2 49 49 
47 6 43 2 49 49 
47 6 2 43 49 49 
47 43 2 49 6 49 
47 46 3 2 49 49 
47 46 2 3 49 49 
47 3 15 32 44 47 
47 3 15 44 47 32 
47 3 24 23 44 47 
47 3 16 31 44 47 
47 15 2 34 49 49 
47 15 2 49 34 49 
47 15 3 32 44 47 
47 15 3 44 47 32 
47 15 24 32 23 47 
47 15 24 23 47 32 
47 15 32 16 31 47 
47 15 16 31 47 32 
47 43 2 49 6 49 
47 37 2 49 12 49 
47 37 2 49 12 49 
47 37 2 49 49 12 
47 2 24 25 49 49 
47 2 24 49 25 49 
47 2 43 49 6 49 
47 2 5 49 49 44 
47 2 31 49 18 49 
47 3 24 23 44 47 
47 3 16 31 44 47 
47 24 16 23 31 47 
6 7 6 5 12 12 
6 7 6 5 12 12 
6 7 6 5 12 12 
6 7 5 6 12 12 
6 7 5 6 12 12 
6 7 5 6 12 12 
6 6 43 43 43 31 
6 6 43 43 49 49 
6 6 43 43 49 49 
6 6 43 43 49 49 
6 43 46 3 49 49 
6 43 46 3 49 49 
6 43 3 43 43 34 
6 43 3 43 43 34 
6 43 15 58 58 52 
6 43 15 34 49 49 
6 43 15 49 34 49 
6 43 43 37 23 20 
6 43 43 37 31 12 
6 43 43 37 31 12 
6 43 43 37 31 12 
6 43 43 37 25 18 
6 43 43 37 25 18 
6 43 43 3 43 34 
6 43 43 3 43 34 
6 43 43 32 43 5 
6 43 43 23 43 14 
6 43 43 43 5 32 
6 43 43 43 31 6 
6 43 43 43 25 12 
6 43 43 43 25 12 
6 43 43 43 25 12 
6 43 43 43 12 25 
6 43 43 43 25 12 
6 43 43 43 25 12 
6 43 43 49 6 49 
6 43 37 23 43 20 
6 43 37 43 31 12 
6 43 37 43 31 12 
6 43 37 43 31 12 
6 43 37 43 25 18 
6 43 37 43 25 18 
6 43 37 49 12 49 
6 43 37 49 12 49 
6 43 37 49 49 12 
6 43 2 49 49 47 
6 43 24 25 49 49 
6 43 24 49 25 49 
6 43 43 49 6 49 
6 43 5 49 49 44 
6 43 31 49 18 49 
6 46 3 43 49 49 
6 46 3 43 49 49 
6 46 43 3 49 49 
6 46 58 58 52 12 
6 46 58 58 52 12 
6 46 58 58 52 12 
6 46 3 43 49 49 
6 3 55 58 58 52 
6 3 2 5 8 8 
6 3 3 12 12 12 
6 15 43 58 58 52 
6 15 43 34 49 49 
6 15 43 49 34 49 
6 15 58 58 43 52 
6 15 43 34 49 49 
6 15 43 49 34 49 
6 55 58 58 3 52 
6 43 37 23 43 20 
6 43 37 43 31 12 
6 43 37 43 31 12 
6 43 37 43 31 12 
6 43 37 43 25 18 
6 43 37 43 25 18 
6 43 37 49 12 49 
6 43 37 49 12 49 
6 43 37 49 49 12 
6 43 2 49 49 47 
6 43 24 25 49 49 
6 43 24 49 25 49 
6 43 43 49 6 49 
6 43 5 49 49 44 
6 43 31 49 18 49 
6 37 43 49 12 49 
6 37 43 49 12 49 
6 37 43 49 49 12 
6 2 3 5 8 8 
6 2 43 49 49 47 
6 58 58 24 34 52 
6 58 58 24 52 34 
6 58 58 8 52 50 
6 58 58 52 8 50 
6 58 58 52 14 44 
6 24 43 25 49 49 
6 24 43 49 25 49 
6 43 5 49 49 44 
6 43 31 49 18 49 
7 6 5 6 12 12 
7 6 5 6 12 12 
7 6 5 6 12 12 
7 43 43 2 43 34 
7 43 43 2 43 34 
7 43 43 24 43 12 
7 43 43 24 43 12 
7 43 43 24 43 12 
7 43 43 16 43 20 
7 43 43 43 5 31 
7 3 2 12 12 12 
7 2 3 12 12 12 
7 2 23 25 25 18 
7 24 32 8 25 32 
7 24 32 8 25 32 
7 24 32 25 8 32 
7 24 32 25 8 32 
7 32 25 20 12 32 
7 32 25 20 12 32 
7 32 25 20 12 32 
7 32 25 18 14 32 
7 32 20 12 25 32 
7 32 20 25 12 32 
7 32 20 25 12 32 
7 32 25 18 14 32 
7 5 25 20 25 18 
6 43 46 3 49 49 
6 43 46 3 49 49 
6 43 3 43 43 34 
6 43 3 43 43 34 
6 43 15 58 58 52 
6 43 15 34 49 49 
6 43 15 49 34 49 
6 43 43 37 23 20 
6 43 43 37 31 12 
6 43 43 37 31 12 
6 43 43 37 31 12 
6 43 43 37 25 18 
6 43 43 37 25 18 
6 43 43 3 43 34 
6 43 43 3 43 34 
6 43 43 32 43 5 
6 43 43 23 43 14 
6 43 43 43 5 32 
6 43 43 43 31 6 
6 43 43 43 25 12 
6 43 43 43 25 12 
6 43 43 43 25 12 
6 43 43 43 12 25 
6 43 43 43 25 12 
6 43 43 43 25 12 
6 43 43 49 6 49 
6 43 37 23 43 20 
6 43 37 43 31 12 
6 43 37 43 31 12 
6 43 37 43 31 12 
6 43 37 43 25 18 
6 43 37 43 25 18 
6 43 37 49 12 49 
6 43 37 49 12 49 
6 43 37 49 49 12 
6 43 2 49 49 47 
6 43 24 25 49 49 
6 43 24 49 25 49 
6 43 43 49 6 49 
6 43 5 49 49 44 
6 43 31 49 18 49 
6 46 3 43 49 49 
6 46 3 43 49 49 
6 46 43 3 49 49 
6 46 58 58 52 12 
6 46 58 58 52 12 
6 46 58 58 52 12 
6 46 3 43 49 49 
6 3 55 58 58 52 
6 3 2 5 8 8 
6 3 3 12 12 12 
6 15 43 58 58 52 
6 15 43 34 49 49 
6 15 43 49 34 49 
6 15 58 58 43 52 
6 15 43 34 49 49 
6 15 43 49 34 49 
6 55 58 58 3 52 
6 43 37 23 43 20 
6 43 37 43 31 12 
6 43 37 43 31 12 
6 43 37 43 31 12 
6 43 37 43 25 18 
6 43 37 43 25 18 
6 43 37 49 12 49 
6 43 37 49 12 49 
6 43 37 49 49 12 
6 43 2 49 49 47 
6 43 24 25 49 49 
6 43 24 49 25 49 
6 43 43 49 6 49 
6 43 5 49 49 44 
6 43 31 49 18 49 
6 37 43 49 12 49 
6 37 43 49 12 49 
6 37 43 49 49 12 
6 2 3 5 8 8 
6 2 43 49 49 47 
6 58 58 24 34 52 
6 58 58 24 52 34 
6 58 58 8 52 50 
6 58 58 52 8 50 
6 58 58 52 14 44 
6 24 43 25 49 49 
6 24 43 49 25 49 
6 43 5 49 49 44 
6 43 31 49 18 49 
43 46 3 49 6 49 
43 46 15 58 58 12 
43 46 15 58 58 12 
43 46 15 58 58 12 
43 46 3 49 6 49 
43 3 15 55 58 58 
43 3 15 43 43 25 
43 3 15 43 43 25 
43 3 43 37 3 43 
43 3 43 24 16 43 
43 3 43 32 43 8 
43 3 43 32 43 8 
43 3 43 43 8 32 
43 3 43 43 34 6 
43 3 43 43 34 6 
43 3 43 43 8 32 
43 15 55 58 58 3 
43 15 43 3 43 25 
43 15 43 3 43 25 
43 15 43 16 43 12 
43 15 43 16 43 12 
43 15 43 16 43 12 
43 15 43 23 43 5 
43 15 43 43 8 20 
43 15 43 43 20 8 
43 15 58 58 24 34 
43 15 58 58 24 34 
43 15 58 58 8 50 
43 15 58 58 52 6 
43 15 58 58 8 50 
43 15 58 58 14 44 
43 15 34 49 6 49 
43 15 49 34 6 49 
43 43 37 23 20 6 
43 43 37 31 6 12 
43 43 37 31 6 12 
43 43 37 31 6 12 
43 43 37 25 6 18 
43 43 37 6 25 18 
43 43 2 16 43 25 
43 43 2 16 43 25 
43 43 2 23 43 18 
43 43 3 24 16 43 
43 43 3 32 43 8 
43 43 3 32 43 8 
43 43 3 43 8 32 
43 43 3 43 34 6 
43 43 3 43 34 6 
43 43 3 43 8 32 
43 43 24 43 5 14 
43 43 32 43 5 6 
43 43 23 43 8 12 
43 43 23 43 8 12 
43 43 23 43 8 12 
43 43 23 43 6 14 
43 43 23 43 12 8 
43 43 23 43 12 8 
43 43 23 43 8 12 
43 43 23 31 20 12 
43 43 23 31 20 12 
43 43 23 31 20 12 
43 43 23 25 20 18 
43 43 23 20 25 18 
43 43 43 5 20 18 
43 43 43 5 6 32 
43 43 43 25 6 12 
43 43 43 25 6 12 
43 43 43 25 6 12 
43 43 43 6 12 25 
43 43 43 6 25 12 
43 43 43 6 25 12 
43 43 31 25 12 18 
43 43 31 25 12 18 
43 43 31 25 18 12 
43 43 31 12 25 18 
43 43 31 25 12 18 
43 43 31 25 18 12 
43 37 23 43 20 6 
43 37 43 31 6 12 
43 37 43 31 6 12 
43 37 43 31 6 12 
43 37 43 25 6 18 
43 37 43 6 25 18 
43 37 49 6 12 49 
43 37 49 6 12 49 
43 37 49 6 49 12 
43 2 49 6 49 47 
43 24 25 49 6 49 
43 24 49 6 25 49 
43 23 43 31 20 12 
43 23 43 31 20 12 
43 23 43 31 20 12 
43 23 43 25 20 18 
43 23 43 20 25 18 
43 43 31 25 12 18 
43 43 31 25 12 18 
43 43 31 25 18 12 
43 43 31 12 25 18 
43 43 31 25 12 18 
43 43 31 25 18 12 
43 5 49 6 49 44 
43 31 49 6 18 49 
46 3 15 34 49 49 
46 3 15 49 34 49 
46 3 55 58 58 12 
46 3 55 58 58 12 
46 3 55 58 58 12 
46 3 43 49 6 49 
46 3 37 49 12 49 
46 3 37 49 12 49 
46 3 37 49 49 12 
46 3 2 49 49 47 
46 3 24 25 49 49 
46 3 24 49 25 49 
46 3 43 49 6 49 
46 3 5 49 49 44 
46 3 31 49 18 49 
46 15 43 58 58 12 
46 15 43 58 58 12 
46 15 43 58 58 12 
46 15 58 58 43 12 
46 15 58 58 43 12 
46 15 58 58 43 12 
46 15 3 34 49 49 
46 15 3 49 34 49 
46 55 58 58 3 12 
46 55 58 58 3 12 
46 55 58 58 3 12 
46 43 3 49 6 49 
46 37 3 49 12 49 
46 37 3 49 12 49 
46 37 3 49 49 12 
46 2 3 49 49 47 
46 58 58 24 34 12 
46 58 58 24 34 12 
46 58 58 24 34 12 
46 58 58 24 34 12 
46 58 58 24 34 12 
46 58 58 24 34 12 
46 58 58 8 12 50 
46 58 58 8 12 50 
46 58 58 8 12 50 
46 58 58 52 6 12 
46 58 58 52 6 12 
46 58 58 52 6 12 
46 58 58 12 8 50 
46 58 58 12 14 44 
46 58 58 12 8 50 
46 58 58 12 14 44 
46 58 58 8 12 50 
46 58 58 12 14 44 
46 3 24 25 49 49 
46 3 24 49 25 49 
46 3 43 49 6 49 
46 3 5 49 49 44 
46 3 31 49 18 49 
3 15 55 43 58 58 
3 15 55 58 58 43 
3 55 58 58 24 34 
3 55 58 58 24 34 
3 55 58 58 8 50 
3 55 58 58 52 6 
3 55 58 58 8 50 
3 55 58 58 14 44 
3 2 32 31 34 34 
3 2 5 8 6 8 
3 2 31 34 34 32 
3 3 6 12 12 12 
3 16 31 34 34 18 
3 31 34 34 20 14 
15 55 43 58 58 3 
15 55 58 58 3 43 
15 43 58 58 24 34 
15 43 58 58 24 34 
15 43 58 58 8 50 
15 43 58 58 52 6 
15 43 58 58 8 50 
15 43 58 58 14 44 
15 43 34 49 6 49 
15 43 49 34 6 49 
15 37 34 49 12 49 
15 37 34 49 12 49 
15 37 34 49 49 12 
15 37 49 34 12 49 
15 37 49 34 12 49 
15 37 49 34 49 12 
15 2 34 49 49 47 
15 2 49 34 49 47 
15 58 58 24 43 34 
15 58 58 24 43 34 
15 58 58 43 8 50 
15 58 58 43 52 6 
15 58 58 43 8 50 
15 58 58 43 14 44 
15 24 34 25 49 49 
15 24 34 49 25 49 
15 24 25 49 34 49 
15 24 49 34 25 49 
15 43 34 49 6 49 
15 43 49 34 6 49 
15 5 34 49 49 44 
15 5 49 34 49 44 
15 31 34 49 18 49 
15 31 49 34 18 49 
55 58 58 3 24 34 
55 58 58 3 24 34 
55 58 58 3 8 50 
55 58 58 3 52 6 
55 58 58 3 8 50 
55 58 58 3 14 44 
43 37 23 43 20 6 
43 37 43 31 6 12 
43 37 43 31 6 12 
43 37 43 31 6 12 
43 37 43 25 6 18 
43 37 43 6 25 18 
43 37 49 6 12 49 
43 37 49 6 12 49 
43 37 49 6 49 12 
43 2 49 6 49 47 
43 24 25 49 6 49 
43 24 49 6 25 49 
43 23 43 31 20 12 
43 23 43 31 20 12 
43 23 43 31 20 12 
43 23 43 25 20 18 
43 23 43 20 25 18 
43 43 31 25 12 18 
43 43 31 25 12 18 
43 43 31 25 18 12 
43 43 31 12 25 18 
43 43 31 25 12 18 
43 43 31 25 18 12 
43 5 49 6 49 44 
43 31 49 6 18 49 
37 2 49 12 49 47 
37 2 49 12 49 47 
37 2 49 49 12 47 
37 24 25 49 12 49 
37 24 25 49 12 49 
37 24 25 49 49 12 
37 24 49 12 25 49 
37 24 49 25 12 49 
37 24 49 25 49 12 
37 43 49 6 12 49 
37 43 49 6 12 49 
37 43 49 6 49 12 
37 5 49 12 49 44 
37 5 49 12 49 44 
37 5 49 49 12 44 
37 31 49 12 18 49 
37 31 49 12 18 49 
37 31 49 18 49 12 
2 3 32 31 34 34 
2 3 5 8 6 8 
2 3 31 34 34 32 
2 24 25 49 49 47 
2 24 49 25 49 47 
2 32 16 34 34 18 
2 32 34 34 20 14 
2 16 34 34 18 32 
2 23 5 25 20 25 
2 43 49 6 49 47 
2 5 49 49 44 47 
2 31 49 18 49 47 
2 34 34 20 14 32 
58 58 24 8 34 50 
58 58 24 8 34 50 
58 58 24 34 52 6 
58 58 24 34 8 50 
58 58 24 34 14 44 
58 58 24 52 34 6 
58 58 24 34 8 50 
58 58 24 34 14 44 
58 58 8 52 6 50 
58 58 8 14 44 50 
58 58 52 6 8 50 
58 58 52 6 14 44 
58 58 8 14 44 50 
3 16 31 34 34 18 
3 31 34 34 20 14 
24 32 8 20 12 32 
24 32 8 20 12 32 
24 32 8 20 12 32 
24 32 8 18 14 32 
24 32 20 12 8 32 
24 32 20 12 8 32 
24 32 20 8 12 32 
24 32 18 8 14 32 
24 43 25 49 6 49 
24 43 49 6 25 49 
24 5 25 49 49 44 
24 5 49 25 49 44 
24 31 25 49 18 49 
24 31 49 25 18 49 
32 20 12 18 14 32 
32 20 12 18 14 32 
32 20 18 12 14 32 
16 34 34 20 18 14 
43 5 49 6 49 44 
43 31 49 6 18 49 
5 31 49 18 49 44 
Squares number: 4177
===========================================
Algorithm time: 0.926739
