[0]: 43
[1]: 45
[2]: 45
[3]: 27
[4]: 28
[5]: 50
[6]: 30
[7]: 2
[8]: 45
[9]: 14
[10]: 26
[11]: 5
[12]: 39
[13]: 15
[14]: 26
[15]: 2
[16]: 38
[17]: 39
[18]: 36
[19]: 47
[20]: 1
[21]: 1
[22]: 5
[23]: 35
[24]: 25
[25]: 42
[26]: 34
[27]: 1
[28]: 11
[29]: 23
[30]: 9
[31]: 6
[32]: 19
[33]: 5
[34]: 34
[35]: 46
[36]: 5
[37]: 16
[38]: 47
[39]: 1
[40]: 31
[41]: 25
[42]: 5
[43]: 19
[44]: 41
[45]: 32
[46]: 20
[47]: 28
[48]: 21
[49]: 5
===========================================
43 45 45 30 2 15 
43 45 45 30 15 2 
43 45 45 2 14 31 
43 45 45 2 26 19 
43 45 45 2 26 19 
43 45 45 2 39 6 
43 45 45 2 26 19 
43 45 45 2 26 19 
43 45 45 2 39 6 
43 45 45 2 36 9 
43 45 45 2 25 20 
43 45 45 2 34 11 
43 45 45 2 11 34 
43 45 45 2 25 20 
43 45 45 45 1 1 
43 45 45 45 1 1 
43 45 45 45 1 1 
43 45 45 45 1 1 
43 45 45 45 1 1 
43 45 45 45 1 1 
43 45 45 14 2 31 
43 45 45 26 2 19 
43 45 45 26 2 19 
43 45 45 39 2 6 
43 45 45 26 2 19 
43 45 45 26 2 19 
43 45 45 2 39 6 
43 45 45 2 36 9 
43 45 45 2 25 20 
43 45 45 2 34 11 
43 45 45 2 11 34 
43 45 45 2 25 20 
43 45 30 2 45 15 
43 45 30 45 15 2 
43 45 2 45 14 31 
43 45 2 45 26 19 
43 45 2 45 26 19 
43 45 2 45 39 6 
43 45 2 45 26 19 
43 45 2 45 26 19 
43 45 2 45 39 6 
43 45 2 45 36 9 
43 45 2 45 25 20 
43 45 2 45 34 11 
43 45 2 45 11 34 
43 45 2 45 25 20 
43 45 45 14 2 31 
43 45 45 26 2 19 
43 45 45 26 2 19 
43 45 45 39 2 6 
43 45 45 26 2 19 
43 45 45 26 2 19 
43 45 45 2 39 6 
43 45 45 2 36 9 
43 45 45 2 25 20 
43 45 45 2 34 11 
43 45 45 2 11 34 
43 45 45 2 25 20 
43 45 30 2 45 15 
43 45 30 45 15 2 
43 45 2 45 14 31 
43 45 2 45 26 19 
43 45 2 45 26 19 
43 45 2 45 39 6 
43 45 2 45 26 19 
43 45 2 45 26 19 
43 45 2 45 39 6 
43 45 2 45 36 9 
43 45 2 45 25 20 
43 45 2 45 34 11 
43 45 2 45 11 34 
43 45 2 45 25 20 
43 45 45 14 2 31 
43 45 45 26 2 19 
43 45 45 26 2 19 
43 45 45 39 2 6 
43 45 45 26 2 19 
43 45 45 26 2 19 
43 45 45 2 39 6 
43 45 45 2 36 9 
43 45 45 2 25 20 
43 45 45 2 34 11 
43 45 45 2 11 34 
43 45 45 2 25 20 
45 45 27 2 45 16 
45 45 27 45 2 16 
45 45 28 2 45 15 
45 45 28 45 15 2 
45 45 28 45 1 16 
45 45 28 45 1 16 
45 45 28 45 1 16 
45 45 28 45 11 6 
45 45 28 45 16 1 
45 45 30 45 14 1 
45 45 30 45 14 1 
45 45 30 45 14 1 
45 45 30 45 14 1 
45 45 30 45 9 6 
45 45 30 14 15 31 
45 45 30 26 15 19 
45 45 30 26 15 19 
45 45 30 39 15 6 
45 45 30 15 26 19 
45 45 30 15 26 19 
45 45 30 15 39 6 
45 45 30 15 36 9 
45 45 30 15 25 20 
45 45 30 15 34 11 
45 45 30 15 11 34 
45 45 30 15 25 20 
45 45 2 45 5 38 
45 45 2 45 15 28 
45 45 2 45 2 41 
45 45 2 45 38 5 
45 45 2 45 38 5 
45 45 2 45 38 5 
45 45 2 45 38 5 
45 45 2 45 38 5 
45 45 2 45 1 42 
45 45 2 45 1 42 
45 45 2 45 42 1 
45 45 2 45 42 1 
45 45 2 45 34 9 
45 45 2 45 11 32 
45 45 2 45 23 20 
45 45 2 45 9 34 
45 45 2 2 47 47 
45 45 45 14 26 5 
45 45 45 14 26 5 
45 45 45 14 26 5 
45 45 45 14 26 5 
45 45 45 14 26 5 
45 45 45 14 26 5 
45 45 45 14 5 26 
45 45 45 14 15 16 
45 45 45 14 26 5 
45 45 45 14 26 5 
45 45 45 14 26 5 
45 45 45 14 26 5 
45 45 45 14 26 5 
45 45 45 14 25 6 
45 45 45 14 11 20 
45 45 45 14 6 25 
45 45 45 5 39 1 
45 45 45 5 39 1 
45 45 45 5 39 1 
45 45 45 5 39 1 
45 45 45 5 15 25 
45 45 45 5 15 25 
45 45 45 5 2 38 
45 45 45 5 39 1 
45 45 45 5 39 1 
45 45 45 5 39 1 
45 45 45 5 39 1 
45 45 45 5 5 35 
45 45 45 5 35 5 
45 45 45 5 35 5 
45 45 45 5 35 5 
45 45 45 5 35 5 
45 45 45 5 34 6 
45 45 45 5 9 31 
45 45 45 5 6 34 
45 45 45 5 19 21 
45 45 45 5 19 21 
45 45 45 39 1 5 
45 45 45 39 1 5 
45 45 45 39 1 5 
45 45 45 39 1 5 
45 45 45 39 1 5 
45 45 45 39 1 5 
45 45 45 39 1 5 
45 45 45 39 1 5 
45 45 45 39 1 5 
45 45 45 39 1 5 
45 45 45 39 5 1 
45 45 45 39 5 1 
45 45 45 39 1 5 
45 45 45 39 1 5 
45 45 45 39 1 5 
45 45 45 39 1 5 
45 45 45 39 5 1 
45 45 45 39 5 1 
45 45 45 39 1 5 
45 45 45 39 1 5 
45 45 45 15 2 28 
45 45 45 15 5 25 
45 45 45 15 5 25 
45 45 45 15 25 5 
45 45 45 15 25 5 
45 45 45 15 25 5 
45 45 45 15 25 5 
45 45 45 15 11 19 
45 45 45 15 11 19 
45 45 45 15 9 21 
45 45 45 15 5 25 
45 45 45 15 5 25 
45 45 45 15 25 5 
45 45 45 15 25 5 
45 45 45 2 38 5 
45 45 45 2 38 5 
45 45 45 2 38 5 
45 45 45 2 38 5 
45 45 45 2 38 5 
45 45 45 2 1 42 
45 45 45 2 1 42 
45 45 45 2 42 1 
45 45 45 2 42 1 
45 45 45 2 34 9 
45 45 45 2 11 32 
45 45 45 2 23 20 
45 45 45 2 9 34 
45 45 45 38 1 6 
45 45 45 38 1 6 
45 45 45 38 1 6 
45 45 45 38 6 1 
45 45 45 39 1 5 
45 45 45 39 1 5 
45 45 45 39 1 5 
45 45 45 39 1 5 
45 45 45 39 1 5 
45 45 45 39 1 5 
45 45 45 39 1 5 
45 45 45 39 1 5 
45 45 45 39 1 5 
45 45 45 39 1 5 
45 45 45 39 5 1 
45 45 45 39 5 1 
45 45 45 39 1 5 
45 45 45 39 1 5 
45 45 45 39 1 5 
45 45 45 39 1 5 
45 45 45 39 5 1 
45 45 45 39 5 1 
45 45 45 39 1 5 
45 45 45 39 1 5 
45 45 45 1 35 9 
45 45 45 1 25 19 
45 45 45 1 25 19 
45 45 45 1 23 21 
45 45 45 1 19 25 
45 45 45 1 16 28 
45 45 45 1 25 19 
45 45 45 1 35 9 
45 45 45 1 25 19 
45 45 45 1 25 19 
45 45 45 1 23 21 
45 45 45 1 19 25 
45 45 45 1 16 28 
45 45 45 1 25 19 
45 45 45 5 35 5 
45 45 45 5 35 5 
45 45 45 5 35 5 
45 45 45 5 35 5 
45 45 45 5 34 6 
45 45 45 5 9 31 
45 45 45 5 6 34 
45 45 45 5 19 21 
45 45 45 5 19 21 
45 45 45 35 1 9 
45 45 45 35 9 1 
45 45 45 35 5 5 
45 45 45 35 5 5 
45 45 45 35 5 5 
45 45 45 35 5 5 
45 45 45 35 5 5 
45 45 45 35 5 5 
45 45 45 25 1 19 
45 45 45 25 1 19 
45 45 45 25 11 9 
45 45 45 25 19 1 
45 45 45 25 1 19 
45 45 45 34 6 5 
45 45 45 34 6 5 
45 45 45 34 6 5 
45 45 45 34 6 5 
45 45 45 1 23 21 
45 45 45 1 19 25 
45 45 45 1 16 28 
45 45 45 1 25 19 
45 45 45 11 9 25 
45 45 45 11 6 28 
45 45 45 23 6 16 
45 45 45 23 1 21 
45 45 45 9 5 31 
45 45 45 9 5 31 
45 45 45 9 16 20 
45 45 45 9 31 5 
45 45 45 9 31 5 
45 45 45 6 19 20 
45 45 45 6 5 34 
45 45 45 6 34 5 
45 45 45 6 34 5 
45 45 45 6 34 5 
45 45 45 6 19 20 
45 45 45 19 5 21 
45 45 45 19 5 21 
45 45 45 19 1 25 
45 45 45 19 5 21 
45 45 45 19 21 5 
45 45 45 5 19 21 
45 45 45 5 19 21 
45 45 45 16 1 28 
45 45 45 1 25 19 
45 45 45 5 19 21 
45 45 45 19 21 5 
45 45 14 26 19 31 
45 45 14 26 31 19 
45 45 14 39 6 31 
45 45 14 26 19 31 
45 45 14 26 31 19 
45 45 14 39 6 31 
45 45 14 36 9 31 
45 45 14 25 31 20 
45 45 14 34 11 31 
45 45 14 11 34 31 
45 45 14 31 25 20 
45 45 26 39 6 19 
45 45 26 39 6 19 
45 45 26 26 19 19 
45 45 26 39 6 19 
45 45 26 39 6 19 
45 45 26 36 9 19 
45 45 26 36 9 19 
45 45 26 25 19 20 
45 45 26 25 19 20 
45 45 26 34 11 19 
45 45 26 34 11 19 
45 45 26 11 19 34 
45 45 26 11 34 19 
45 45 26 19 25 20 
45 45 26 25 19 20 
45 45 39 26 6 19 
45 45 39 26 6 19 
45 45 39 36 9 6 
45 45 39 25 6 20 
45 45 39 34 11 6 
45 45 39 11 6 34 
45 45 39 6 25 20 
45 45 26 39 6 19 
45 45 26 39 6 19 
45 45 26 36 9 19 
45 45 26 36 9 19 
45 45 26 25 19 20 
45 45 26 25 19 20 
45 45 26 34 11 19 
45 45 26 34 11 19 
45 45 26 11 19 34 
45 45 26 11 34 19 
45 45 26 19 25 20 
45 45 26 25 19 20 
45 45 39 36 9 6 
45 45 39 25 6 20 
45 45 39 34 11 6 
45 45 39 11 6 34 
45 45 39 6 25 20 
45 45 36 25 9 20 
45 45 36 34 11 9 
45 45 36 11 9 34 
45 45 36 9 25 20 
45 45 25 34 11 20 
45 45 25 11 34 20 
45 45 34 11 25 20 
45 45 11 34 25 20 
45 27 2 47 47 20 
45 27 2 47 47 20 
45 28 2 47 19 47 
45 28 2 47 47 19 
45 28 2 47 19 47 
45 28 2 47 47 19 
45 30 45 14 15 31 
45 30 45 26 15 19 
45 30 45 26 15 19 
45 30 45 39 15 6 
45 30 45 15 26 19 
45 30 45 15 26 19 
45 30 45 15 39 6 
45 30 45 15 36 9 
45 30 45 15 25 20 
45 30 45 15 34 11 
45 30 45 15 11 34 
45 30 45 15 25 20 
45 2 45 2 47 47 
45 2 26 47 47 21 
45 2 5 47 42 47 
45 2 15 47 47 32 
45 2 26 47 47 21 
45 2 38 47 9 47 
45 2 36 47 11 47 
45 2 47 1 46 47 
45 2 47 1 46 47 
45 2 47 5 42 47 
45 2 47 42 5 47 
45 2 47 42 5 47 
45 2 47 42 47 5 
45 2 47 42 47 5 
45 2 47 1 46 47 
45 2 47 6 47 41 
45 2 47 19 47 28 
45 2 47 46 47 1 
45 2 47 16 47 31 
45 2 47 47 19 28 
45 45 14 26 19 31 
45 45 14 26 31 19 
45 45 14 39 6 31 
45 45 14 26 19 31 
45 45 14 26 31 19 
45 45 14 39 6 31 
45 45 14 36 9 31 
45 45 14 25 31 20 
45 45 14 34 11 31 
45 45 14 11 34 31 
45 45 14 31 25 20 
45 45 26 39 6 19 
45 45 26 39 6 19 
45 45 26 26 19 19 
45 45 26 39 6 19 
45 45 26 39 6 19 
45 45 26 36 9 19 
45 45 26 36 9 19 
45 45 26 25 19 20 
45 45 26 25 19 20 
45 45 26 34 11 19 
45 45 26 34 11 19 
45 45 26 11 19 34 
45 45 26 11 34 19 
45 45 26 19 25 20 
45 45 26 25 19 20 
45 45 39 26 6 19 
45 45 39 26 6 19 
45 45 39 36 9 6 
45 45 39 25 6 20 
45 45 39 34 11 6 
45 45 39 11 6 34 
45 45 39 6 25 20 
45 45 26 39 6 19 
45 45 26 39 6 19 
45 45 26 36 9 19 
45 45 26 36 9 19 
45 45 26 25 19 20 
45 45 26 25 19 20 
45 45 26 34 11 19 
45 45 26 34 11 19 
45 45 26 11 19 34 
45 45 26 11 34 19 
45 45 26 19 25 20 
45 45 26 25 19 20 
45 45 39 36 9 6 
45 45 39 25 6 20 
45 45 39 34 11 6 
45 45 39 11 6 34 
45 45 39 6 25 20 
45 45 36 25 9 20 
45 45 36 34 11 9 
45 45 36 11 9 34 
45 45 36 9 25 20 
45 45 25 34 11 20 
45 45 25 11 34 20 
45 45 34 11 25 20 
45 45 11 34 25 20 
45 26 2 47 47 21 
45 5 2 47 42 47 
45 15 2 47 47 32 
45 26 2 47 47 21 
45 2 38 47 9 47 
45 2 36 47 11 47 
45 2 47 1 46 47 
45 2 47 1 46 47 
45 2 47 5 42 47 
45 2 47 42 5 47 
45 2 47 42 5 47 
45 2 47 42 47 5 
45 2 47 42 47 5 
45 2 47 1 46 47 
45 2 47 6 47 41 
45 2 47 19 47 28 
45 2 47 46 47 1 
45 2 47 16 47 31 
45 2 47 47 19 28 
45 27 2 47 47 20 
45 27 2 47 47 20 
45 28 2 47 19 47 
45 28 2 47 47 19 
45 28 2 47 19 47 
45 28 2 47 47 19 
45 30 45 14 15 31 
45 30 45 26 15 19 
45 30 45 26 15 19 
45 30 45 39 15 6 
45 30 45 15 26 19 
45 30 45 15 26 19 
45 30 45 15 39 6 
45 30 45 15 36 9 
45 30 45 15 25 20 
45 30 45 15 34 11 
45 30 45 15 11 34 
45 30 45 15 25 20 
45 2 45 2 47 47 
45 2 26 47 47 21 
45 2 5 47 42 47 
45 2 15 47 47 32 
45 2 26 47 47 21 
45 2 38 47 9 47 
45 2 36 47 11 47 
45 2 47 1 46 47 
45 2 47 1 46 47 
45 2 47 5 42 47 
45 2 47 42 5 47 
45 2 47 42 5 47 
45 2 47 42 47 5 
45 2 47 42 47 5 
45 2 47 1 46 47 
45 2 47 6 47 41 
45 2 47 19 47 28 
45 2 47 46 47 1 
45 2 47 16 47 31 
45 2 47 47 19 28 
45 45 14 26 19 31 
45 45 14 26 31 19 
45 45 14 39 6 31 
45 45 14 26 19 31 
45 45 14 26 31 19 
45 45 14 39 6 31 
45 45 14 36 9 31 
45 45 14 25 31 20 
45 45 14 34 11 31 
45 45 14 11 34 31 
45 45 14 31 25 20 
45 45 26 39 6 19 
45 45 26 39 6 19 
45 45 26 26 19 19 
45 45 26 39 6 19 
45 45 26 39 6 19 
45 45 26 36 9 19 
45 45 26 36 9 19 
45 45 26 25 19 20 
45 45 26 25 19 20 
45 45 26 34 11 19 
45 45 26 34 11 19 
45 45 26 11 19 34 
45 45 26 11 34 19 
45 45 26 19 25 20 
45 45 26 25 19 20 
45 45 39 26 6 19 
45 45 39 26 6 19 
45 45 39 36 9 6 
45 45 39 25 6 20 
45 45 39 34 11 6 
45 45 39 11 6 34 
45 45 39 6 25 20 
45 45 26 39 6 19 
45 45 26 39 6 19 
45 45 26 36 9 19 
45 45 26 36 9 19 
45 45 26 25 19 20 
45 45 26 25 19 20 
45 45 26 34 11 19 
45 45 26 34 11 19 
45 45 26 11 19 34 
45 45 26 11 34 19 
45 45 26 19 25 20 
45 45 26 25 19 20 
45 45 39 36 9 6 
45 45 39 25 6 20 
45 45 39 34 11 6 
45 45 39 11 6 34 
45 45 39 6 25 20 
45 45 36 25 9 20 
45 45 36 34 11 9 
45 45 36 11 9 34 
45 45 36 9 25 20 
45 45 25 34 11 20 
45 45 25 11 34 20 
45 45 34 11 25 20 
45 45 11 34 25 20 
45 26 2 47 47 21 
45 5 2 47 42 47 
45 15 2 47 47 32 
45 26 2 47 47 21 
45 2 38 47 9 47 
45 2 36 47 11 47 
45 2 47 1 46 47 
45 2 47 1 46 47 
45 2 47 5 42 47 
45 2 47 42 5 47 
45 2 47 42 5 47 
45 2 47 42 47 5 
45 2 47 42 47 5 
45 2 47 1 46 47 
45 2 47 6 47 41 
45 2 47 19 47 28 
45 2 47 46 47 1 
45 2 47 16 47 31 
45 2 47 47 19 28 
27 28 2 26 1 28 
27 28 2 26 1 28 
27 28 2 26 1 28 
27 28 2 26 1 28 
27 28 2 26 1 28 
27 28 2 26 1 28 
27 28 2 26 1 28 
27 28 2 26 1 28 
27 28 26 2 1 28 
27 28 26 2 1 28 
27 28 26 2 1 28 
27 28 26 2 1 28 
27 28 5 1 23 28 
27 28 5 1 23 28 
27 28 5 1 23 28 
27 28 5 23 1 28 
27 28 26 2 1 28 
27 28 26 2 1 28 
27 28 26 2 1 28 
27 28 26 2 1 28 
27 28 47 19 47 20 
27 28 47 47 19 20 
27 28 1 5 23 28 
27 28 1 23 5 28 
27 28 1 23 5 28 
27 28 1 23 5 28 
27 28 1 23 28 5 
27 28 1 9 19 28 
27 28 1 9 19 28 
27 28 1 5 23 28 
27 28 1 23 5 28 
27 28 1 23 5 28 
27 28 1 23 5 28 
27 28 1 23 28 5 
27 28 1 9 19 28 
27 28 1 9 19 28 
27 28 5 1 23 28 
27 28 5 23 1 28 
27 28 1 23 5 28 
27 28 1 23 5 28 
27 28 1 23 5 28 
27 28 1 23 28 5 
27 28 1 9 19 28 
27 28 1 9 19 28 
27 28 23 5 1 28 
27 28 23 5 1 28 
27 28 23 1 5 28 
27 28 23 1 28 5 
27 28 9 19 1 28 
27 28 9 1 19 28 
27 2 45 47 47 20 
27 45 2 47 47 20 
27 26 47 47 20 21 
27 5 47 42 47 20 
27 15 47 47 32 20 
27 26 47 47 20 21 
27 38 47 9 47 20 
27 36 47 11 47 20 
27 47 1 46 47 20 
27 47 1 46 47 20 
27 47 5 42 47 20 
27 47 42 5 47 20 
27 47 42 5 47 20 
27 47 42 47 5 20 
27 47 42 47 20 5 
27 47 1 46 47 20 
27 47 6 47 41 20 
27 47 19 47 20 28 
27 47 46 47 1 20 
27 47 16 47 31 20 
27 47 47 19 20 28 
28 30 39 39 11 9 
28 2 45 47 19 47 
28 2 45 47 47 19 
28 2 26 5 23 28 
28 2 26 26 2 28 
28 2 26 5 23 28 
28 2 26 23 5 28 
28 2 26 23 5 28 
28 2 26 23 5 28 
28 2 26 23 28 5 
28 2 26 9 19 28 
28 2 26 9 19 28 
28 2 5 26 23 28 
28 2 26 5 23 28 
28 2 26 23 5 28 
28 2 26 23 5 28 
28 2 26 23 5 28 
28 2 26 23 28 5 
28 2 26 9 19 28 
28 2 26 9 19 28 
28 2 34 6 34 32 
28 45 2 47 19 47 
28 45 2 47 47 19 
28 14 39 39 25 11 
28 14 39 39 11 25 
28 14 34 6 34 20 
28 26 5 2 23 28 
28 26 2 5 23 28 
28 26 2 23 5 28 
28 26 2 23 5 28 
28 26 2 23 5 28 
28 26 2 23 28 5 
28 26 2 9 19 28 
28 26 2 9 19 28 
28 26 47 19 47 21 
28 26 47 47 19 21 
28 5 39 39 34 11 
28 5 39 39 11 34 
28 5 26 2 23 28 
28 5 47 42 19 47 
28 5 47 42 47 19 
28 5 23 9 19 28 
28 5 23 9 19 28 
28 39 38 39 1 11 
28 39 38 39 1 11 
28 39 38 39 1 11 
28 39 38 39 11 1 
28 39 39 5 34 11 
28 39 39 5 11 34 
28 39 39 34 11 5 
28 39 39 34 11 5 
28 39 39 34 11 5 
28 39 39 34 11 5 
28 39 39 11 23 16 
28 39 39 11 19 20 
28 39 39 11 5 34 
28 39 39 11 34 5 
28 39 39 11 34 5 
28 39 39 11 34 5 
28 39 39 11 19 20 
28 15 47 19 47 32 
28 15 47 47 19 32 
28 15 34 6 19 34 
28 15 34 6 34 19 
28 26 2 5 23 28 
28 26 2 23 5 28 
28 26 2 23 5 28 
28 26 2 23 5 28 
28 26 2 23 28 5 
28 26 2 9 19 28 
28 26 2 9 19 28 
28 26 47 19 47 21 
28 26 47 47 19 21 
28 2 34 6 34 32 
28 38 47 9 19 47 
28 38 47 9 47 19 
28 36 47 11 19 47 
28 36 47 11 47 19 
28 47 1 19 46 47 
28 47 1 46 47 19 
28 47 1 19 46 47 
28 47 1 46 47 19 
28 47 5 42 19 47 
28 47 5 42 47 19 
28 47 42 19 5 47 
28 47 42 19 5 47 
28 47 42 19 47 5 
28 47 42 19 47 5 
28 47 42 5 47 19 
28 47 42 5 47 19 
28 47 42 47 5 19 
28 47 42 47 19 5 
28 47 1 19 46 47 
28 47 1 46 47 19 
28 47 6 19 47 41 
28 47 6 47 19 41 
28 47 19 46 47 1 
28 47 19 16 47 31 
28 47 19 47 19 28 
28 47 46 47 1 19 
28 47 16 47 31 19 
28 5 23 9 19 28 
28 5 23 9 19 28 
28 25 34 9 6 34 
28 34 11 23 6 34 
28 34 9 6 34 25 
28 23 9 19 5 28 
28 23 9 19 5 28 
28 23 9 19 5 28 
28 23 9 19 28 5 
28 23 9 5 19 28 
28 23 9 5 19 28 
28 23 9 5 19 28 
28 23 9 19 28 5 
30 14 39 39 25 9 
30 14 39 39 9 25 
30 5 39 39 34 9 
30 5 39 39 9 34 
30 39 38 39 1 9 
30 39 38 39 1 9 
30 39 38 39 1 9 
30 39 38 39 9 1 
30 39 39 5 34 9 
30 39 39 5 9 34 
30 39 39 34 9 5 
30 39 39 34 9 5 
30 39 39 34 9 5 
30 39 39 34 9 5 
30 39 39 11 9 28 
30 39 39 23 9 16 
30 39 39 9 19 20 
30 39 39 9 5 34 
30 39 39 9 34 5 
30 39 39 9 34 5 
30 39 39 9 34 5 
30 39 39 9 19 20 
2 45 26 47 47 21 
2 45 5 47 42 47 
2 45 15 47 47 32 
2 45 26 47 47 21 
2 45 38 47 9 47 
2 45 36 47 11 47 
2 45 47 1 46 47 
2 45 47 1 46 47 
2 45 47 5 42 47 
2 45 47 42 5 47 
2 45 47 42 5 47 
2 45 47 42 47 5 
2 45 47 42 47 5 
2 45 47 1 46 47 
2 45 47 6 47 41 
2 45 47 19 47 28 
2 45 47 46 47 1 
2 45 47 16 47 31 
2 45 47 47 19 28 
2 14 25 11 23 25 
2 14 34 34 32 20 
2 5 2 1 5 5 
2 5 2 1 5 5 
2 5 2 1 5 5 
2 5 2 1 5 5 
2 5 2 1 5 5 
2 5 2 1 5 5 
2 5 2 1 5 5 
2 5 2 1 5 5 
2 5 2 1 5 5 
2 5 2 1 5 5 
2 5 2 1 5 5 
2 5 2 1 5 5 
2 5 2 1 5 5 
2 5 2 1 5 5 
2 5 2 1 5 5 
2 5 2 1 5 5 
2 5 2 1 5 5 
2 5 2 1 5 5 
2 5 2 1 5 5 
2 5 2 1 5 5 
2 5 2 5 1 5 
2 5 2 5 1 5 
2 5 2 5 1 5 
2 5 2 5 1 5 
2 5 2 5 5 1 
2 5 2 5 5 1 
2 5 2 5 1 5 
2 5 2 5 1 5 
2 5 2 1 5 5 
2 5 2 1 5 5 
2 5 2 1 5 5 
2 5 2 1 5 5 
2 5 2 1 5 5 
2 5 2 1 5 5 
2 5 2 5 5 1 
2 5 2 5 1 5 
2 5 2 5 1 5 
2 5 2 5 1 5 
2 5 2 5 1 5 
2 5 2 1 5 5 
2 5 25 23 25 20 
2 15 34 19 34 32 
2 15 34 34 19 32 
2 2 1 1 1 1 
2 2 1 5 5 5 
2 2 1 5 5 5 
2 2 1 5 5 5 
2 2 1 5 5 5 
2 2 1 5 5 5 
2 2 1 5 5 5 
2 2 1 5 5 5 
2 2 1 5 5 5 
2 2 1 5 5 5 
2 2 1 5 5 5 
2 2 1 5 5 5 
2 2 1 5 5 5 
2 2 1 5 5 5 
2 2 1 5 5 5 
2 2 1 5 5 5 
2 2 1 5 5 5 
2 2 1 5 5 5 
2 2 1 5 5 5 
2 2 1 5 5 5 
2 2 1 5 5 5 
2 2 5 1 5 5 
2 2 5 1 5 5 
2 2 5 1 5 5 
2 2 5 1 5 5 
2 2 5 1 5 5 
2 2 5 1 5 5 
2 2 5 5 5 1 
2 2 5 5 1 5 
2 2 5 5 1 5 
2 2 5 5 1 5 
2 2 5 5 1 5 
2 2 5 1 5 5 
2 2 1 5 5 5 
2 2 1 5 5 5 
2 2 1 5 5 5 
2 2 1 5 5 5 
2 2 5 5 1 5 
2 2 5 5 1 5 
2 2 5 1 5 5 
2 2 5 1 5 5 
2 5 25 23 25 20 
2 25 34 9 34 32 
2 25 23 9 16 25 
2 25 23 6 19 25 
2 25 23 6 25 19 
2 25 23 5 25 20 
2 25 23 5 25 20 
2 25 23 25 5 20 
2 25 23 25 20 5 
2 34 11 23 34 32 
2 34 9 34 25 32 
2 34 6 34 32 28 
45 26 2 47 47 21 
45 5 2 47 42 47 
45 15 2 47 47 32 
45 26 2 47 47 21 
45 2 38 47 9 47 
45 2 36 47 11 47 
45 2 47 1 46 47 
45 2 47 1 46 47 
45 2 47 5 42 47 
45 2 47 42 5 47 
45 2 47 42 5 47 
45 2 47 42 47 5 
45 2 47 42 47 5 
45 2 47 1 46 47 
45 2 47 6 47 41 
45 2 47 19 47 28 
45 2 47 46 47 1 
45 2 47 16 47 31 
45 2 47 47 19 28 
14 5 39 39 25 34 
14 5 39 39 25 34 
14 5 39 39 34 25 
14 5 39 39 34 25 
14 5 25 11 25 20 
14 39 38 39 1 25 
14 39 38 39 1 25 
14 39 38 39 1 25 
14 39 38 39 1 25 
14 39 38 39 25 1 
14 39 38 39 25 1 
14 39 38 39 1 25 
14 39 38 39 1 25 
14 39 39 5 25 34 
14 39 39 5 25 34 
14 39 39 5 34 25 
14 39 39 5 34 25 
14 39 39 25 34 5 
14 39 39 25 34 5 
14 39 39 25 34 5 
14 39 39 25 34 5 
14 39 39 25 11 28 
14 39 39 25 23 16 
14 39 39 25 19 20 
14 39 39 25 5 34 
14 39 39 25 34 5 
14 39 39 25 34 5 
14 39 39 25 34 5 
14 39 39 25 19 20 
14 39 39 34 5 25 
14 39 39 34 5 25 
14 39 39 34 25 5 
14 39 39 34 25 5 
14 39 39 11 25 28 
14 39 39 23 16 25 
14 39 39 19 25 20 
14 39 39 5 34 25 
14 39 39 34 5 25 
14 39 39 34 25 5 
14 39 39 34 25 5 
14 39 39 25 19 20 
14 15 34 19 34 20 
14 15 34 34 19 20 
14 2 25 11 23 25 
14 2 34 34 32 20 
14 5 25 11 25 20 
14 25 34 9 34 20 
14 25 11 9 16 25 
14 25 11 6 19 25 
14 25 11 6 25 19 
14 25 11 5 25 20 
14 25 11 5 25 20 
14 25 11 25 5 20 
14 25 11 25 20 5 
14 34 11 23 34 20 
14 34 9 34 25 20 
14 34 6 34 20 28 
26 5 15 26 11 21 
26 5 26 1 25 21 
26 5 26 1 25 21 
26 5 26 1 25 21 
26 5 26 1 25 21 
26 5 26 25 1 21 
26 5 26 25 1 21 
26 5 26 1 25 21 
26 5 26 6 20 21 
26 5 26 1 25 21 
26 5 47 42 47 21 
26 15 26 1 25 11 
26 15 26 1 11 25 
26 15 26 1 25 11 
26 15 26 1 11 25 
26 15 26 5 11 21 
26 15 26 25 1 11 
26 15 26 25 11 1 
26 15 26 1 11 25 
26 15 26 11 6 20 
26 15 26 11 5 21 
26 15 26 11 5 21 
26 15 26 11 1 25 
26 15 26 11 5 21 
26 15 26 11 21 5 
26 15 47 47 32 21 
26 26 1 1 25 25 
26 26 1 5 25 21 
26 26 1 5 25 21 
26 26 1 25 1 25 
26 26 1 25 6 20 
26 26 1 25 5 21 
26 26 1 25 5 21 
26 26 1 25 1 25 
26 26 1 25 5 21 
26 26 1 25 21 5 
26 26 1 6 25 20 
26 26 1 5 25 21 
26 26 1 5 25 21 
26 26 1 25 5 21 
26 26 1 25 21 5 
26 26 1 5 25 21 
26 26 1 5 25 21 
26 26 1 25 1 25 
26 26 1 25 6 20 
26 26 1 25 5 21 
26 26 1 25 5 21 
26 26 1 25 1 25 
26 26 1 25 5 21 
26 26 1 25 21 5 
26 26 1 6 25 20 
26 26 1 5 25 21 
26 26 1 5 25 21 
26 26 1 25 5 21 
26 26 1 25 21 5 
26 26 5 25 1 21 
26 26 5 25 1 21 
26 26 5 1 25 21 
26 26 5 6 20 21 
26 26 5 1 25 21 
26 26 25 1 6 20 
26 26 25 1 5 21 
26 26 25 1 5 21 
26 26 25 1 1 25 
26 26 25 1 5 21 
26 26 25 1 21 5 
26 26 25 6 1 20 
26 26 25 5 1 21 
26 26 25 5 1 21 
26 26 25 1 5 21 
26 26 25 1 21 5 
26 26 1 6 25 20 
26 26 1 5 25 21 
26 26 1 5 25 21 
26 26 1 25 5 21 
26 26 1 25 21 5 
26 26 6 5 20 21 
26 26 6 5 20 21 
26 26 6 1 25 20 
26 26 6 5 20 21 
26 26 6 20 21 5 
26 26 5 1 25 21 
26 26 5 1 25 21 
26 26 1 25 5 21 
26 26 1 25 21 5 
26 38 47 9 47 21 
26 36 47 11 47 21 
26 47 1 46 47 21 
26 47 1 46 47 21 
26 47 5 42 47 21 
26 47 42 5 47 21 
26 47 42 5 47 21 
26 47 42 47 5 21 
26 47 42 47 21 5 
26 47 1 46 47 21 
26 47 6 47 41 21 
26 47 19 47 28 21 
26 47 46 47 1 21 
26 47 16 47 31 21 
26 47 47 19 28 21 
5 39 38 39 1 34 
5 39 38 39 1 34 
5 39 38 39 1 34 
5 39 38 39 1 34 
5 39 38 39 34 1 
5 39 38 39 34 1 
5 39 38 39 1 34 
5 39 38 39 34 1 
5 39 39 5 34 34 
5 39 39 34 11 28 
5 39 39 34 23 16 
5 39 39 34 19 20 
5 39 39 34 5 34 
5 39 39 34 34 5 
5 39 39 34 34 5 
5 39 39 34 34 5 
5 39 39 34 19 20 
5 39 39 11 34 28 
5 39 39 23 34 16 
5 39 39 19 34 20 
5 39 39 34 19 20 
5 15 47 42 47 32 
5 26 47 42 47 21 
5 2 25 23 25 20 
5 38 47 42 9 47 
5 36 47 42 11 47 
5 47 1 42 46 47 
5 47 1 42 46 47 
5 47 42 1 46 47 
5 47 42 6 47 41 
5 47 42 19 47 28 
5 47 42 46 47 1 
5 47 42 16 47 31 
5 47 42 47 19 28 
5 25 9 16 25 20 
5 25 6 19 25 20 
5 25 6 25 19 20 
39 38 39 1 5 34 
39 38 39 1 5 34 
39 38 39 1 34 5 
39 38 39 1 34 5 
39 38 39 1 34 5 
39 38 39 1 34 5 
39 38 39 1 11 28 
39 38 39 1 23 16 
39 38 39 1 19 20 
39 38 39 1 5 34 
39 38 39 1 34 5 
39 38 39 1 34 5 
39 38 39 1 34 5 
39 38 39 1 19 20 
39 38 39 1 5 34 
39 38 39 1 5 34 
39 38 39 1 34 5 
39 38 39 1 34 5 
39 38 39 1 34 5 
39 38 39 1 34 5 
39 38 39 1 11 28 
39 38 39 1 23 16 
39 38 39 1 19 20 
39 38 39 1 5 34 
39 38 39 1 34 5 
39 38 39 1 34 5 
39 38 39 1 34 5 
39 38 39 1 19 20 
39 38 39 5 34 1 
39 38 39 5 34 1 
39 38 39 5 1 34 
39 38 39 5 34 1 
39 38 39 34 1 5 
39 38 39 34 1 5 
39 38 39 34 1 5 
39 38 39 34 1 5 
39 38 39 34 5 1 
39 38 39 34 5 1 
39 38 39 34 1 5 
39 38 39 34 1 5 
39 38 39 1 11 28 
39 38 39 1 23 16 
39 38 39 1 19 20 
39 38 39 1 5 34 
39 38 39 1 34 5 
39 38 39 1 34 5 
39 38 39 1 34 5 
39 38 39 1 19 20 
39 38 39 11 1 28 
39 38 39 23 16 1 
39 38 39 19 1 20 
39 38 39 5 34 1 
39 38 39 34 5 1 
39 38 39 34 1 5 
39 38 39 34 1 5 
39 38 39 1 19 20 
39 39 5 34 11 28 
39 39 5 34 23 16 
39 39 5 34 19 20 
39 39 5 34 5 34 
39 39 5 34 34 5 
39 39 5 34 34 5 
39 39 5 34 34 5 
39 39 5 34 19 20 
39 39 5 11 34 28 
39 39 5 23 34 16 
39 39 5 19 34 20 
39 39 5 34 19 20 
39 39 34 11 5 28 
39 39 34 11 5 28 
39 39 34 11 5 28 
39 39 34 11 28 5 
39 39 34 23 5 16 
39 39 34 23 5 16 
39 39 34 23 16 5 
39 39 34 23 16 5 
39 39 34 19 5 20 
39 39 34 19 5 20 
39 39 34 19 5 20 
39 39 34 19 20 5 
39 39 34 5 34 5 
39 39 34 5 34 5 
39 39 34 5 34 5 
39 39 34 5 19 20 
39 39 34 34 5 5 
39 39 34 34 5 5 
39 39 34 34 5 5 
39 39 34 5 19 20 
39 39 34 5 19 20 
39 39 34 19 20 5 
39 39 11 23 16 28 
39 39 11 19 20 28 
39 39 11 5 34 28 
39 39 11 34 5 28 
39 39 11 34 5 28 
39 39 11 34 28 5 
39 39 11 19 20 28 
39 39 23 19 16 20 
39 39 23 5 34 16 
39 39 23 34 5 16 
39 39 23 34 16 5 
39 39 23 34 16 5 
39 39 23 16 19 20 
39 39 19 5 34 20 
39 39 19 34 5 20 
39 39 19 34 5 20 
39 39 19 34 20 5 
39 39 5 34 19 20 
39 39 34 5 19 20 
39 39 34 5 19 20 
39 39 34 19 20 5 
15 26 47 47 32 21 
15 2 34 19 34 32 
15 2 34 34 19 32 
15 38 47 9 47 32 
15 36 47 11 47 32 
15 47 1 46 47 32 
15 47 1 46 47 32 
15 47 5 42 47 32 
15 47 42 5 47 32 
15 47 42 5 47 32 
15 47 42 47 5 32 
15 47 42 47 32 5 
15 47 1 46 47 32 
15 47 6 47 41 32 
15 47 19 47 32 28 
15 47 46 47 1 32 
15 47 16 47 31 32 
15 47 47 19 32 28 
15 25 34 9 19 34 
15 25 34 9 34 19 
15 34 11 23 19 34 
15 34 11 23 34 19 
15 34 9 19 34 25 
15 34 9 34 25 19 
15 34 6 19 34 28 
15 34 6 34 19 28 
26 38 47 9 47 21 
26 36 47 11 47 21 
26 47 1 46 47 21 
26 47 1 46 47 21 
26 47 5 42 47 21 
26 47 42 5 47 21 
26 47 42 5 47 21 
26 47 42 47 5 21 
26 47 42 47 21 5 
26 47 1 46 47 21 
26 47 6 47 41 21 
26 47 19 47 28 21 
26 47 46 47 1 21 
26 47 16 47 31 21 
26 47 47 19 28 21 
2 5 25 23 25 20 
2 25 34 9 34 32 
2 25 23 9 16 25 
2 25 23 6 19 25 
2 25 23 6 25 19 
2 25 23 5 25 20 
2 25 23 5 25 20 
2 25 23 25 5 20 
2 25 23 25 20 5 
2 34 11 23 34 32 
2 34 9 34 25 32 
2 34 6 34 32 28 
38 36 47 11 9 47 
38 47 1 9 46 47 
38 47 1 9 46 47 
38 47 5 42 9 47 
38 47 42 9 5 47 
38 47 42 9 5 47 
38 47 42 9 47 5 
38 47 42 9 47 5 
38 47 1 9 46 47 
38 47 9 6 47 41 
38 47 9 19 47 28 
38 47 9 46 47 1 
38 47 9 16 47 31 
38 47 9 47 19 28 
36 47 1 11 46 47 
36 47 1 11 46 47 
36 47 5 42 11 47 
36 47 42 11 5 47 
36 47 42 11 5 47 
36 47 42 11 47 5 
36 47 42 11 47 5 
36 47 1 11 46 47 
36 47 11 6 47 41 
36 47 11 19 47 28 
36 47 11 46 47 1 
36 47 11 16 47 31 
36 47 11 47 19 28 
47 1 5 42 46 47 
47 1 42 5 46 47 
47 1 42 46 5 47 
47 1 42 46 47 5 
47 1 42 46 47 5 
47 1 6 46 47 41 
47 1 19 46 47 28 
47 1 46 16 47 31 
47 1 46 47 19 28 
47 1 5 42 46 47 
47 1 42 5 46 47 
47 1 42 46 5 47 
47 1 42 46 47 5 
47 1 42 46 47 5 
47 1 6 46 47 41 
47 1 19 46 47 28 
47 1 46 16 47 31 
47 1 46 47 19 28 
47 5 42 1 46 47 
47 5 42 6 47 41 
47 5 42 19 47 28 
47 5 42 46 47 1 
47 5 42 16 47 31 
47 5 42 47 19 28 
47 42 1 5 46 47 
47 42 1 46 5 47 
47 42 1 46 47 5 
47 42 1 46 47 5 
47 42 6 5 47 41 
47 42 6 5 47 41 
47 42 6 47 5 41 
47 42 6 47 41 5 
47 42 19 5 47 28 
47 42 19 5 47 28 
47 42 19 47 5 28 
47 42 19 47 28 5 
47 42 5 46 47 1 
47 42 5 16 47 31 
47 42 5 47 19 28 
47 42 46 5 47 1 
47 42 46 47 1 5 
47 42 46 47 1 5 
47 42 5 16 47 31 
47 42 5 47 19 28 
47 42 16 47 31 5 
47 42 16 47 31 5 
47 42 47 5 19 28 
47 42 47 19 28 5 
47 1 6 46 47 41 
47 1 19 46 47 28 
47 1 46 16 47 31 
47 1 46 47 19 28 
47 6 19 47 41 28 
47 6 46 47 1 41 
47 6 16 47 31 41 
47 6 47 19 41 28 
47 19 46 47 1 28 
47 19 16 47 31 28 
47 46 16 47 1 31 
47 46 47 1 19 28 
47 16 47 31 19 28 
5 25 9 16 25 20 
5 25 6 19 25 20 
5 25 6 25 19 20 
25 34 11 23 9 34 
25 34 9 6 34 28 
25 9 6 19 16 25 
25 9 6 16 25 19 
25 9 5 16 25 20 
25 9 5 16 25 20 
25 9 16 25 5 20 
25 9 16 25 20 5 
25 6 19 5 25 20 
25 6 19 5 25 20 
25 6 19 25 5 20 
25 6 19 25 20 5 
25 6 5 25 19 20 
25 6 5 25 19 20 
25 6 25 5 19 20 
25 6 25 19 20 5 
34 11 23 9 34 25 
34 11 23 6 34 28 
34 9 6 34 25 28 
Squares number: 1404
===========================================
Algorithm time: 0.293162
