[0]: 51
[1]: 65
[2]: 24
[3]: 24
[4]: 1
[5]: 60
[6]: 27
[7]: 60
[8]: 36
[9]: 36
[10]: 54
[11]: 30
[12]: 6
[13]: 3
[14]: 31
[15]: 47
[16]: 55
[17]: 70
[18]: 6
[19]: 50
[20]: 51
[21]: 1
[22]: 29
[23]: 8
[24]: 65
[25]: 44
[26]: 14
[27]: 68
[28]: 59
[29]: 26
[30]: 53
[31]: 51
[32]: 20
[33]: 18
[34]: 16
[35]: 32
[36]: 20
[37]: 54
[38]: 33
[39]: 55
[40]: 19
[41]: 16
[42]: 15
[43]: 25
[44]: 18
[45]: 57
[46]: 13
[47]: 14
[48]: 56
[49]: 18
[50]: 6
[51]: 48
[52]: 18
[53]: 34
[54]: 56
[55]: 25
[56]: 8
[57]: 69
[58]: 34
[59]: 8
[60]: 36
[61]: 28
[62]: 58
[63]: 67
[64]: 45
[65]: 16
[66]: 28
[67]: 64
[68]: 69
[69]: 60
===========================================
51 65 1 65 14 64 
51 65 1 65 14 64 
51 65 36 29 65 14 
51 65 36 29 65 14 
51 65 36 29 65 14 
51 65 36 29 65 14 
51 65 6 65 14 59 
51 65 6 65 59 14 
51 65 31 65 14 34 
51 65 31 65 14 34 
51 65 31 65 14 34 
51 65 31 65 14 34 
51 65 47 65 14 18 
51 65 47 65 14 18 
51 65 47 65 14 18 
51 65 47 65 14 18 
51 65 47 65 18 14 
51 65 47 65 18 14 
51 65 47 65 14 18 
51 65 47 65 14 18 
51 65 6 65 14 59 
51 65 6 65 59 14 
51 65 50 65 14 15 
51 65 50 65 15 14 
51 65 51 65 14 14 
51 65 1 65 14 64 
51 65 1 65 14 64 
51 65 29 65 14 36 
51 65 29 65 14 36 
51 65 8 65 14 57 
51 65 8 65 57 14 
51 65 65 14 59 6 
51 65 65 14 51 14 
51 65 65 14 20 45 
51 65 65 14 32 33 
51 65 65 14 20 45 
51 65 65 14 57 8 
51 65 65 14 57 8 
51 65 65 59 14 6 
51 65 65 20 14 45 
51 65 65 32 33 14 
51 65 65 20 14 45 
51 65 65 57 14 8 
51 65 65 57 14 8 
51 24 24 3 51 51 
51 24 1 27 50 51 
51 24 1 27 50 51 
51 24 1 51 26 51 
51 24 27 36 51 15 
51 24 27 36 51 15 
51 24 27 36 51 15 
51 24 27 36 51 15 
51 24 27 6 51 45 
51 24 27 6 51 45 
51 24 27 3 51 48 
51 24 27 3 51 48 
51 24 27 31 51 20 
51 24 27 31 51 20 
51 24 27 31 51 20 
51 24 27 31 51 20 
51 24 27 6 51 45 
51 24 27 6 51 45 
51 24 27 50 51 1 
51 24 27 50 1 51 
51 24 27 51 26 25 
51 24 27 51 26 25 
51 24 27 51 18 33 
51 24 27 51 32 19 
51 24 27 51 33 18 
51 24 27 51 33 18 
51 24 27 51 33 18 
51 24 27 51 15 36 
51 24 27 51 6 45 
51 24 27 26 51 25 
51 24 27 26 51 25 
51 24 27 51 18 33 
51 24 27 51 32 19 
51 24 27 51 33 18 
51 24 27 51 33 18 
51 24 27 51 33 18 
51 24 27 51 15 36 
51 24 27 51 6 45 
51 24 54 30 3 54 
51 24 51 1 26 51 
51 24 51 8 51 19 
51 24 51 14 51 13 
51 24 51 51 19 8 
51 24 51 51 19 8 
51 24 51 51 13 14 
51 24 18 69 45 69 
51 24 18 69 45 69 
51 24 18 69 45 69 
51 24 18 69 45 69 
51 24 1 27 50 51 
51 24 1 27 50 51 
51 24 1 51 26 51 
51 24 27 36 51 15 
51 24 27 36 51 15 
51 24 27 36 51 15 
51 24 27 36 51 15 
51 24 27 6 51 45 
51 24 27 6 51 45 
51 24 27 3 51 48 
51 24 27 3 51 48 
51 24 27 31 51 20 
51 24 27 31 51 20 
51 24 27 31 51 20 
51 24 27 31 51 20 
51 24 27 6 51 45 
51 24 27 6 51 45 
51 24 27 50 51 1 
51 24 27 50 1 51 
51 24 27 51 26 25 
51 24 27 51 26 25 
51 24 27 51 18 33 
51 24 27 51 32 19 
51 24 27 51 33 18 
51 24 27 51 33 18 
51 24 27 51 33 18 
51 24 27 51 15 36 
51 24 27 51 6 45 
51 24 27 26 51 25 
51 24 27 26 51 25 
51 24 27 51 18 33 
51 24 27 51 32 19 
51 24 27 51 33 18 
51 24 27 51 33 18 
51 24 27 51 33 18 
51 24 27 51 15 36 
51 24 27 51 6 45 
51 24 54 30 3 54 
51 24 51 1 26 51 
51 24 51 8 51 19 
51 24 51 14 51 13 
51 24 51 51 19 8 
51 24 51 51 19 8 
51 24 51 51 13 14 
51 24 18 69 45 69 
51 24 18 69 45 69 
51 24 18 69 45 69 
51 24 18 69 45 69 
51 1 60 60 8 60 
51 1 60 60 8 60 
51 1 60 60 8 60 
51 1 36 50 51 15 
51 1 36 50 51 15 
51 1 36 51 14 51 
51 1 36 51 51 14 
51 1 36 50 51 15 
51 1 36 50 51 15 
51 1 36 51 14 51 
51 1 36 51 51 14 
51 1 54 3 53 54 
51 1 30 51 51 20 
51 1 30 51 51 20 
51 1 6 50 51 45 
51 1 6 50 51 45 
51 1 6 51 44 51 
51 1 3 47 51 51 
51 1 3 50 51 48 
51 1 3 50 51 48 
51 1 31 50 51 20 
51 1 31 50 51 20 
51 1 31 50 51 20 
51 1 31 50 51 20 
51 1 31 51 51 19 
51 1 6 50 51 45 
51 1 6 50 51 45 
51 1 6 51 44 51 
51 1 50 51 26 25 
51 1 50 51 26 25 
51 1 50 51 18 33 
51 1 50 51 32 19 
51 1 50 51 33 18 
51 1 50 51 33 18 
51 1 50 51 33 18 
51 1 50 51 15 36 
51 1 50 51 6 45 
51 1 50 26 51 25 
51 1 50 26 51 25 
51 1 50 51 18 33 
51 1 50 51 32 19 
51 1 50 51 33 18 
51 1 50 51 33 18 
51 1 50 51 33 18 
51 1 50 51 15 36 
51 1 50 51 6 45 
51 1 51 44 51 6 
51 1 51 14 51 36 
51 1 51 51 18 32 
51 1 51 51 16 34 
51 1 51 51 16 34 
51 1 51 51 32 18 
51 1 51 51 32 18 
51 1 51 51 32 18 
51 1 51 51 16 34 
51 1 51 51 16 34 
51 1 51 51 25 25 
51 1 51 51 14 36 
51 1 51 51 34 16 
51 1 51 51 34 16 
51 1 68 18 69 69 
51 1 68 18 69 69 
51 1 68 18 69 69 
51 1 68 18 69 69 
51 60 60 6 3 60 
51 60 60 3 6 60 
51 60 60 3 6 60 
51 60 60 1 8 60 
51 60 60 1 8 60 
51 60 60 1 8 60 
51 27 6 51 51 18 
51 27 6 51 51 18 
51 27 6 51 51 18 
51 27 6 51 51 18 
51 27 6 51 51 18 
51 27 6 51 51 18 
51 27 6 51 51 18 
51 27 6 51 51 18 
51 27 51 8 51 16 
51 27 51 8 51 16 
51 27 51 8 51 16 
51 27 51 51 18 6 
51 27 51 51 16 8 
51 27 51 51 16 8 
51 27 51 51 16 8 
51 27 51 51 16 8 
51 27 51 51 18 6 
51 27 51 51 18 6 
51 27 51 51 6 18 
51 27 51 51 8 16 
51 27 51 51 8 16 
51 36 54 3 18 54 
51 36 54 3 54 18 
51 36 54 3 54 18 
51 36 54 3 54 18 
51 36 6 51 15 45 
51 36 6 51 15 45 
51 36 3 51 15 48 
51 36 3 51 15 48 
51 36 31 51 20 15 
51 36 31 51 20 15 
51 36 31 51 20 15 
51 36 31 51 20 15 
51 36 6 51 15 45 
51 36 6 51 15 45 
51 36 50 51 1 15 
51 36 50 1 51 15 
51 36 51 1 14 51 
51 36 51 1 51 14 
51 36 51 26 15 25 
51 36 51 26 15 25 
51 36 51 18 33 15 
51 36 51 32 19 15 
51 36 51 33 15 18 
51 36 51 33 15 18 
51 36 51 33 15 18 
51 36 51 15 6 45 
51 36 26 51 15 25 
51 36 26 51 15 25 
51 36 51 18 33 15 
51 36 51 32 19 15 
51 36 51 33 15 18 
51 36 51 33 15 18 
51 36 51 33 15 18 
51 36 51 15 6 45 
51 36 18 33 69 69 
51 36 33 18 69 69 
51 36 33 18 69 69 
51 36 33 18 69 69 
51 36 54 3 18 54 
51 36 54 3 54 18 
51 36 54 3 54 18 
51 36 54 3 54 18 
51 36 6 51 15 45 
51 36 6 51 15 45 
51 36 3 51 15 48 
51 36 3 51 15 48 
51 36 31 51 20 15 
51 36 31 51 20 15 
51 36 31 51 20 15 
51 36 31 51 20 15 
51 36 6 51 15 45 
51 36 6 51 15 45 
51 36 50 51 1 15 
51 36 50 1 51 15 
51 36 51 1 14 51 
51 36 51 1 51 14 
51 36 51 26 15 25 
51 36 51 26 15 25 
51 36 51 18 33 15 
51 36 51 32 19 15 
51 36 51 33 15 18 
51 36 51 33 15 18 
51 36 51 33 15 18 
51 36 51 15 6 45 
51 36 26 51 15 25 
51 36 26 51 15 25 
51 36 51 18 33 15 
51 36 51 32 19 15 
51 36 51 33 15 18 
51 36 51 33 15 18 
51 36 51 33 15 18 
51 36 51 15 6 45 
51 36 18 33 69 69 
51 36 33 18 69 69 
51 36 33 18 69 69 
51 36 33 18 69 69 
51 54 6 3 54 48 
51 54 3 6 54 48 
51 54 3 1 53 54 
51 54 3 29 54 25 
51 54 3 29 54 25 
51 54 3 26 54 28 
51 54 3 26 54 28 
51 54 3 20 54 34 
51 54 3 20 54 34 
51 54 3 18 54 36 
51 54 3 20 54 34 
51 54 3 20 54 34 
51 54 3 54 18 36 
51 54 3 54 18 36 
51 54 3 54 6 48 
51 54 3 54 18 36 
51 54 18 15 69 69 
51 54 15 18 69 69 
51 54 15 18 69 69 
51 54 15 18 69 69 
51 30 6 51 51 15 
51 30 3 51 51 18 
51 30 3 51 51 18 
51 30 3 51 51 18 
51 30 3 51 51 18 
51 30 6 51 51 15 
51 30 51 1 51 20 
51 30 51 1 51 20 
51 30 51 8 51 13 
51 30 51 51 15 6 
51 30 51 51 13 8 
51 30 51 51 13 8 
51 6 3 51 48 45 
51 6 3 51 48 45 
51 6 31 51 14 51 
51 6 31 51 51 14 
51 6 31 51 20 45 
51 6 31 51 20 45 
51 6 31 51 20 45 
51 6 31 51 20 45 
51 6 50 51 1 45 
51 6 50 1 51 45 
51 6 51 1 44 51 
51 6 51 29 51 16 
51 6 51 29 51 16 
51 6 51 29 51 16 
51 6 51 26 51 19 
51 6 51 26 25 45 
51 6 51 26 25 45 
51 6 51 51 20 25 
51 6 51 51 20 25 
51 6 51 51 32 13 
51 6 51 51 20 25 
51 6 51 51 20 25 
51 6 51 18 33 45 
51 6 51 32 19 45 
51 6 51 33 18 45 
51 6 51 33 18 45 
51 6 51 33 18 45 
51 6 51 15 36 45 
51 6 26 51 25 45 
51 6 26 51 25 45 
51 6 51 18 33 45 
51 6 51 32 19 45 
51 6 51 33 18 45 
51 6 51 33 18 45 
51 6 51 33 18 45 
51 6 51 15 36 45 
51 3 31 51 20 48 
51 3 31 51 20 48 
51 3 31 51 20 48 
51 3 31 51 20 48 
51 3 47 51 1 51 
51 3 6 51 48 45 
51 3 6 51 48 45 
51 3 50 51 1 48 
51 3 50 1 51 48 
51 3 51 29 51 19 
51 3 51 14 51 34 
51 3 51 14 51 34 
51 3 51 26 25 48 
51 3 51 26 48 25 
51 3 51 51 20 28 
51 3 51 51 20 28 
51 3 51 51 16 32 
51 3 51 51 32 16 
51 3 51 51 32 16 
51 3 51 51 20 28 
51 3 51 51 20 28 
51 3 51 51 33 15 
51 3 51 51 14 34 
51 3 51 51 14 34 
51 3 51 18 33 48 
51 3 51 32 19 48 
51 3 51 33 18 48 
51 3 51 33 18 48 
51 3 51 33 48 18 
51 3 51 15 48 36 
51 3 51 6 48 45 
51 3 26 51 25 48 
51 3 26 51 48 25 
51 3 51 18 33 48 
51 3 51 32 19 48 
51 3 51 33 18 48 
51 3 51 33 18 48 
51 3 51 33 48 18 
51 3 51 15 48 36 
51 3 51 6 48 45 
51 31 6 51 14 51 
51 31 6 51 51 14 
51 31 6 51 20 45 
51 31 6 51 20 45 
51 31 6 51 20 45 
51 31 6 51 20 45 
51 31 50 51 1 20 
51 31 50 51 1 20 
51 31 50 1 51 20 
51 31 50 1 51 20 
51 31 51 1 51 19 
51 31 51 14 51 6 
51 31 51 26 20 25 
51 31 51 26 20 25 
51 31 51 26 20 25 
51 31 51 26 20 25 
51 31 51 51 14 6 
51 31 51 20 18 33 
51 31 51 20 32 19 
51 31 51 20 33 18 
51 31 51 20 33 18 
51 31 51 20 33 18 
51 31 51 20 15 36 
51 31 51 20 6 45 
51 31 51 18 20 33 
51 31 51 32 20 19 
51 31 51 20 33 18 
51 31 51 20 33 18 
51 31 51 20 33 18 
51 31 51 20 15 36 
51 31 51 20 6 45 
51 31 26 51 20 25 
51 31 26 51 20 25 
51 31 26 51 20 25 
51 31 26 51 20 25 
51 31 51 20 18 33 
51 31 51 20 32 19 
51 31 51 20 33 18 
51 31 51 20 33 18 
51 31 51 20 33 18 
51 31 51 20 15 36 
51 31 51 20 6 45 
51 31 51 18 20 33 
51 31 51 32 20 19 
51 31 51 20 33 18 
51 31 51 20 33 18 
51 31 51 20 33 18 
51 31 51 20 15 36 
51 31 51 20 6 45 
51 55 14 18 69 69 
51 55 14 18 69 69 
51 55 14 18 69 69 
51 55 14 18 69 69 
51 55 18 14 69 69 
51 55 18 14 69 69 
51 55 14 18 69 69 
51 55 14 18 69 69 
51 6 50 51 1 45 
51 6 50 1 51 45 
51 6 51 1 44 51 
51 6 51 29 51 16 
51 6 51 29 51 16 
51 6 51 29 51 16 
51 6 51 26 51 19 
51 6 51 26 25 45 
51 6 51 26 25 45 
51 6 51 51 20 25 
51 6 51 51 20 25 
51 6 51 51 32 13 
51 6 51 51 20 25 
51 6 51 51 20 25 
51 6 51 18 33 45 
51 6 51 32 19 45 
51 6 51 33 18 45 
51 6 51 33 18 45 
51 6 51 33 18 45 
51 6 51 15 36 45 
51 6 26 51 25 45 
51 6 26 51 25 45 
51 6 51 18 33 45 
51 6 51 32 19 45 
51 6 51 33 18 45 
51 6 51 33 18 45 
51 6 51 33 18 45 
51 6 51 15 36 45 
51 50 51 1 26 25 
51 50 51 1 26 25 
51 50 51 1 18 33 
51 50 51 1 32 19 
51 50 51 1 33 18 
51 50 51 1 33 18 
51 50 51 1 33 18 
51 50 51 1 15 36 
51 50 51 1 6 45 
51 50 1 26 51 25 
51 50 1 26 51 25 
51 50 1 51 18 33 
51 50 1 51 32 19 
51 50 1 51 33 18 
51 50 1 51 33 18 
51 50 1 51 33 18 
51 50 1 51 15 36 
51 50 1 51 6 45 
51 50 18 19 69 69 
51 50 19 18 69 69 
51 50 19 18 69 69 
51 50 19 18 69 69 
51 51 1 44 51 6 
51 51 1 14 51 36 
51 51 1 51 18 32 
51 51 1 51 16 34 
51 51 1 51 16 34 
51 51 1 51 32 18 
51 51 1 51 32 18 
51 51 1 51 32 18 
51 51 1 51 16 34 
51 51 1 51 16 34 
51 51 1 51 25 25 
51 51 1 51 14 36 
51 51 1 51 34 16 
51 51 1 51 34 16 
51 51 29 8 14 51 
51 51 29 8 51 14 
51 51 29 14 51 8 
51 51 29 14 51 8 
51 51 29 51 16 6 
51 51 29 51 16 6 
51 51 29 51 14 8 
51 51 29 51 14 8 
51 51 29 51 6 16 
51 51 8 51 18 25 
51 51 8 51 18 25 
51 51 8 51 15 28 
51 51 8 51 15 28 
51 51 8 51 25 18 
51 51 8 51 25 18 
51 51 8 51 25 18 
51 51 8 51 18 25 
51 51 8 51 18 25 
51 51 8 51 18 25 
51 51 14 51 18 19 
51 51 14 51 19 18 
51 51 14 51 19 18 
51 51 14 51 19 18 
51 51 26 51 19 6 
51 51 26 18 33 25 
51 51 26 18 33 25 
51 51 26 32 19 25 
51 51 26 32 19 25 
51 51 26 33 25 18 
51 51 26 33 25 18 
51 51 26 33 25 18 
51 51 26 33 18 25 
51 51 26 33 18 25 
51 51 26 33 18 25 
51 51 26 15 25 36 
51 51 26 15 25 36 
51 51 26 25 6 45 
51 51 26 6 25 45 
51 51 51 20 18 13 
51 51 51 20 16 15 
51 51 51 20 16 15 
51 51 51 20 15 16 
51 51 51 20 25 6 
51 51 51 20 18 13 
51 51 51 20 13 18 
51 51 51 20 13 18 
51 51 51 20 6 25 
51 51 51 18 20 13 
51 51 51 18 19 14 
51 51 51 18 15 18 
51 51 51 18 15 18 
51 51 51 18 15 18 
51 51 51 18 25 8 
51 51 51 18 25 8 
51 51 51 18 25 8 
51 51 51 18 25 8 
51 51 51 16 20 15 
51 51 51 16 19 16 
51 51 51 16 19 16 
51 51 51 32 13 6 
51 51 51 20 16 15 
51 51 51 20 15 16 
51 51 51 20 25 6 
51 51 51 20 18 13 
51 51 51 20 13 18 
51 51 51 20 13 18 
51 51 51 20 6 25 
51 51 51 19 16 16 
51 51 51 19 18 14 
51 51 51 19 14 18 
51 51 51 19 14 18 
51 51 51 15 18 18 
51 51 51 15 18 18 
51 51 51 15 18 18 
51 51 51 15 8 28 
51 51 51 15 8 28 
51 51 51 15 8 28 
51 51 51 15 8 28 
51 51 51 25 18 8 
51 51 51 25 18 8 
51 51 51 25 18 8 
51 51 51 25 18 8 
51 51 51 25 18 8 
51 51 51 25 18 8 
51 51 51 18 25 8 
51 51 51 18 25 8 
51 51 51 18 25 8 
51 51 51 18 25 8 
51 51 51 18 25 8 
51 51 51 18 25 8 
51 51 18 32 33 19 
51 51 18 33 15 36 
51 51 18 33 6 45 
51 51 18 18 69 69 
51 51 18 18 69 69 
51 51 18 18 69 69 
51 51 32 33 19 18 
51 51 32 33 19 18 
51 51 32 33 19 18 
51 51 32 19 15 36 
51 51 32 19 6 45 
51 51 33 15 18 36 
51 51 33 15 18 36 
51 51 33 15 18 36 
51 51 33 18 6 45 
51 51 33 18 6 45 
51 51 33 6 18 45 
51 51 15 6 36 45 
51 51 18 18 69 69 
51 51 18 18 69 69 
51 51 18 18 69 69 
51 1 68 18 69 69 
51 1 68 18 69 69 
51 1 68 18 69 69 
51 1 68 18 69 69 
51 44 18 25 69 69 
51 44 18 25 69 69 
51 44 25 18 69 69 
51 44 25 18 69 69 
51 44 25 18 69 69 
51 44 18 25 69 69 
51 44 18 25 69 69 
51 44 18 25 69 69 
51 14 18 55 69 69 
51 14 55 18 69 69 
51 14 55 18 69 69 
51 14 55 18 69 69 
51 26 51 18 33 25 
51 26 51 18 33 25 
51 26 51 32 19 25 
51 26 51 32 19 25 
51 26 51 33 25 18 
51 26 51 33 25 18 
51 26 51 33 25 18 
51 26 51 33 18 25 
51 26 51 33 18 25 
51 26 51 33 18 25 
51 26 51 15 25 36 
51 26 51 15 25 36 
51 26 51 25 6 45 
51 26 51 6 25 45 
51 53 18 16 69 69 
51 53 18 16 69 69 
51 53 18 69 16 69 
51 53 16 18 69 69 
51 53 16 18 69 69 
51 53 16 18 69 69 
51 53 16 18 69 69 
51 53 16 18 69 69 
51 53 16 18 69 69 
51 53 18 69 16 69 
51 53 18 69 16 69 
51 53 18 69 16 69 
51 51 18 32 33 19 
51 51 18 33 15 36 
51 51 18 33 6 45 
51 51 18 18 69 69 
51 51 18 18 69 69 
51 51 18 18 69 69 
51 51 32 33 19 18 
51 51 32 33 19 18 
51 51 32 33 19 18 
51 51 32 19 15 36 
51 51 32 19 6 45 
51 51 33 15 18 36 
51 51 33 15 18 36 
51 51 33 15 18 36 
51 51 33 18 6 45 
51 51 33 18 6 45 
51 51 33 6 18 45 
51 51 15 6 36 45 
51 51 18 18 69 69 
51 51 18 18 69 69 
51 51 18 18 69 69 
51 18 54 15 69 69 
51 18 33 69 36 69 
51 18 55 14 69 69 
51 18 13 56 69 69 
51 18 13 56 69 69 
51 54 15 18 69 69 
51 54 15 18 69 69 
51 54 15 18 69 69 
51 33 18 69 36 69 
51 33 18 69 36 69 
51 33 18 69 36 69 
51 55 18 14 69 69 
51 55 14 18 69 69 
51 55 14 18 69 69 
51 18 13 56 69 69 
51 18 13 56 69 69 
51 13 56 18 69 69 
51 13 56 18 69 69 
51 13 18 56 69 69 
51 13 18 56 69 69 
65 1 36 29 65 64 
65 1 36 29 65 64 
65 1 6 65 59 64 
65 1 31 65 34 64 
65 1 31 65 34 64 
65 1 47 65 18 64 
65 1 47 65 18 64 
65 1 47 65 18 64 
65 1 47 65 18 64 
65 1 6 65 59 64 
65 1 50 65 15 64 
65 1 51 65 14 64 
65 1 51 65 14 64 
65 1 29 65 36 64 
65 1 8 65 57 64 
65 1 65 14 51 64 
65 1 65 59 6 64 
65 1 65 51 14 64 
65 1 65 20 45 64 
65 1 65 32 33 64 
65 1 65 20 45 64 
65 1 65 57 8 64 
65 1 65 57 8 64 
65 36 6 29 65 59 
65 36 31 29 65 34 
65 36 31 29 65 34 
65 36 47 29 65 18 
65 36 47 29 65 18 
65 36 47 29 65 18 
65 36 47 29 65 18 
65 36 6 29 65 59 
65 36 50 29 65 15 
65 36 51 29 65 14 
65 36 51 29 65 14 
65 36 1 29 65 64 
65 36 29 8 65 57 
65 36 29 65 14 51 
65 36 29 65 59 6 
65 36 29 65 51 14 
65 36 29 65 20 45 
65 36 29 65 32 33 
65 36 29 65 20 45 
65 36 29 65 57 8 
65 36 29 65 57 8 
65 36 6 29 65 59 
65 36 31 29 65 34 
65 36 31 29 65 34 
65 36 47 29 65 18 
65 36 47 29 65 18 
65 36 47 29 65 18 
65 36 47 29 65 18 
65 36 6 29 65 59 
65 36 50 29 65 15 
65 36 51 29 65 14 
65 36 51 29 65 14 
65 36 1 29 65 64 
65 36 29 8 65 57 
65 36 29 65 14 51 
65 36 29 65 59 6 
65 36 29 65 51 14 
65 36 29 65 20 45 
65 36 29 65 32 33 
65 36 29 65 20 45 
65 36 29 65 57 8 
65 36 29 65 57 8 
65 6 31 65 59 34 
65 6 31 65 59 34 
65 6 47 65 59 18 
65 6 47 65 59 18 
65 6 47 65 59 18 
65 6 47 65 59 18 
65 6 50 65 59 15 
65 6 51 65 14 59 
65 6 51 65 59 14 
65 6 1 65 59 64 
65 6 29 65 59 36 
65 6 8 65 59 57 
65 6 65 14 59 51 
65 6 65 59 51 14 
65 6 65 59 20 45 
65 6 65 59 32 33 
65 6 65 59 20 45 
65 6 65 59 57 8 
65 6 65 59 57 8 
65 31 47 65 18 34 
65 31 47 65 18 34 
65 31 47 65 18 34 
65 31 47 65 18 34 
65 31 47 65 18 34 
65 31 47 65 18 34 
65 31 47 65 18 34 
65 31 47 65 18 34 
65 31 6 65 59 34 
65 31 6 65 59 34 
65 31 50 65 15 34 
65 31 50 65 15 34 
65 31 51 65 14 34 
65 31 51 65 14 34 
65 31 51 65 14 34 
65 31 51 65 14 34 
65 31 1 65 34 64 
65 31 1 65 34 64 
65 31 29 65 34 36 
65 31 29 65 34 36 
65 31 8 65 57 34 
65 31 8 65 57 34 
65 31 65 14 51 34 
65 31 65 14 51 34 
65 31 65 59 6 34 
65 31 65 59 6 34 
65 31 65 51 14 34 
65 31 65 51 14 34 
65 31 65 20 34 45 
65 31 65 20 34 45 
65 31 65 32 33 34 
65 31 65 32 33 34 
65 31 65 20 34 45 
65 31 65 20 34 45 
65 31 65 57 34 8 
65 31 65 57 34 8 
65 31 65 57 8 34 
65 31 65 57 34 8 
65 47 6 65 59 18 
65 47 6 65 59 18 
65 47 6 65 59 18 
65 47 6 65 59 18 
65 47 50 65 18 15 
65 47 50 65 15 18 
65 47 50 65 15 18 
65 47 50 65 15 18 
65 47 51 65 14 18 
65 47 51 65 14 18 
65 47 51 65 14 18 
65 47 51 65 14 18 
65 47 51 65 18 14 
65 47 51 65 18 14 
65 47 51 65 14 18 
65 47 51 65 14 18 
65 47 1 65 18 64 
65 47 1 65 18 64 
65 47 1 65 18 64 
65 47 1 65 18 64 
65 47 29 65 18 36 
65 47 29 65 18 36 
65 47 29 65 18 36 
65 47 29 65 18 36 
65 47 8 65 18 57 
65 47 8 65 18 57 
65 47 8 65 57 18 
65 47 8 65 57 18 
65 47 65 14 51 18 
65 47 65 14 51 18 
65 47 65 14 51 18 
65 47 65 14 51 18 
65 47 65 59 18 6 
65 47 65 59 18 6 
65 47 65 59 18 6 
65 47 65 59 6 18 
65 47 65 51 18 14 
65 47 65 51 18 14 
65 47 65 51 14 18 
65 47 65 51 14 18 
65 47 65 20 18 45 
65 47 65 20 18 45 
65 47 65 20 18 45 
65 47 65 20 18 45 
65 47 65 18 32 33 
65 47 65 18 20 45 
65 47 65 18 57 8 
65 47 65 18 57 8 
65 47 65 32 33 18 
65 47 65 32 33 18 
65 47 65 32 33 18 
65 47 65 20 18 45 
65 47 65 20 18 45 
65 47 65 20 18 45 
65 47 65 18 57 8 
65 47 65 18 57 8 
65 47 65 57 18 8 
65 47 65 57 18 8 
65 47 65 57 18 8 
65 47 65 57 18 8 
65 6 50 65 59 15 
65 6 51 65 14 59 
65 6 51 65 59 14 
65 6 1 65 59 64 
65 6 29 65 59 36 
65 6 8 65 59 57 
65 6 65 14 59 51 
65 6 65 59 51 14 
65 6 65 59 20 45 
65 6 65 59 32 33 
65 6 65 59 20 45 
65 6 65 59 57 8 
65 6 65 59 57 8 
65 50 51 65 14 15 
65 50 51 65 15 14 
65 50 1 65 15 64 
65 50 29 65 15 36 
65 50 8 65 15 57 
65 50 65 14 51 15 
65 50 65 59 15 6 
65 50 65 51 15 14 
65 50 65 20 15 45 
65 50 65 32 33 15 
65 50 65 20 15 45 
65 50 65 15 57 8 
65 50 65 15 57 8 
65 51 1 65 14 64 
65 51 1 65 14 64 
65 51 29 65 14 36 
65 51 29 65 14 36 
65 51 8 65 14 57 
65 51 8 65 57 14 
65 51 65 14 59 6 
65 51 65 14 51 14 
65 51 65 14 20 45 
65 51 65 14 32 33 
65 51 65 14 20 45 
65 51 65 14 57 8 
65 51 65 14 57 8 
65 51 65 59 14 6 
65 51 65 20 14 45 
65 51 65 32 33 14 
65 51 65 20 14 45 
65 51 65 57 14 8 
65 51 65 57 14 8 
65 1 29 65 36 64 
65 1 8 65 57 64 
65 1 65 14 51 64 
65 1 65 59 6 64 
65 1 65 51 14 64 
65 1 65 20 45 64 
65 1 65 32 33 64 
65 1 65 20 45 64 
65 1 65 57 8 64 
65 1 65 57 8 64 
65 29 8 65 57 36 
65 29 65 14 51 36 
65 29 65 59 6 36 
65 29 65 51 14 36 
65 29 65 20 36 45 
65 29 65 32 33 36 
65 29 65 20 36 45 
65 29 65 57 8 36 
65 29 65 57 8 36 
65 8 65 14 51 57 
65 8 65 59 57 6 
65 8 65 51 57 14 
65 8 65 20 57 45 
65 8 65 32 33 57 
65 8 65 20 57 45 
65 65 14 59 51 6 
65 65 14 51 20 45 
65 65 14 51 32 33 
65 65 14 51 20 45 
65 65 14 51 57 8 
65 65 14 51 57 8 
65 65 59 51 14 6 
65 65 59 20 6 45 
65 65 59 32 33 6 
65 65 59 20 6 45 
65 65 59 57 6 8 
65 65 59 57 6 8 
65 65 51 20 14 45 
65 65 51 32 33 14 
65 65 51 20 14 45 
65 65 51 57 14 8 
65 65 51 57 14 8 
65 65 20 32 33 45 
65 65 20 57 8 45 
65 65 20 57 8 45 
65 65 32 20 33 45 
65 65 32 33 57 8 
65 65 32 33 57 8 
65 65 20 57 8 45 
65 65 20 57 8 45 
24 24 1 1 25 25 
24 24 60 60 36 36 
24 24 60 60 36 36 
24 24 60 60 36 36 
24 24 60 36 36 60 
24 24 60 36 36 60 
24 24 60 36 36 60 
24 24 60 36 36 60 
24 24 60 36 36 60 
24 24 60 36 36 60 
24 24 6 6 18 18 
24 24 6 6 18 18 
24 24 6 6 18 18 
24 24 6 6 18 18 
24 24 6 6 18 18 
24 24 6 6 18 18 
24 24 6 8 18 16 
24 24 6 8 18 16 
24 24 6 8 18 16 
24 24 6 8 16 18 
24 24 6 8 16 18 
24 24 6 8 16 18 
24 24 6 8 16 18 
24 24 6 8 16 18 
24 24 6 8 16 18 
24 24 6 8 18 16 
24 24 6 8 18 16 
24 24 6 8 18 16 
24 24 6 18 16 8 
24 24 6 18 16 8 
24 24 6 18 16 8 
24 24 6 18 16 8 
24 24 6 18 18 6 
24 24 6 18 18 6 
24 24 6 18 6 18 
24 24 6 18 8 16 
24 24 6 18 8 16 
24 24 6 16 18 8 
24 24 6 16 18 8 
24 24 6 16 18 8 
24 24 6 16 18 8 
24 24 6 16 18 8 
24 24 6 16 18 8 
24 24 6 16 18 8 
24 24 6 16 18 8 
24 24 6 16 18 8 
24 24 6 16 18 8 
24 24 6 16 18 8 
24 24 6 16 18 8 
24 24 6 18 18 6 
24 24 6 18 6 18 
24 24 6 18 8 16 
24 24 6 18 8 16 
24 24 6 18 6 18 
24 24 6 18 8 16 
24 24 6 18 8 16 
24 24 6 18 8 16 
24 24 6 18 8 16 
24 24 6 8 18 16 
24 24 6 8 18 16 
24 24 6 8 18 16 
24 24 6 8 16 18 
24 24 6 8 16 18 
24 24 6 8 16 18 
24 24 6 8 16 18 
24 24 6 8 16 18 
24 24 6 8 16 18 
24 24 6 8 18 16 
24 24 6 8 18 16 
24 24 6 8 18 16 
24 24 6 18 16 8 
24 24 6 18 16 8 
24 24 6 18 16 8 
24 24 6 18 16 8 
24 24 6 18 18 6 
24 24 6 18 18 6 
24 24 6 18 6 18 
24 24 6 18 8 16 
24 24 6 18 8 16 
24 24 6 16 18 8 
24 24 6 16 18 8 
24 24 6 16 18 8 
24 24 6 16 18 8 
24 24 6 16 18 8 
24 24 6 16 18 8 
24 24 6 16 18 8 
24 24 6 16 18 8 
24 24 6 16 18 8 
24 24 6 16 18 8 
24 24 6 16 18 8 
24 24 6 16 18 8 
24 24 6 18 18 6 
24 24 6 18 6 18 
24 24 6 18 8 16 
24 24 6 18 8 16 
24 24 6 18 6 18 
24 24 6 18 8 16 
24 24 6 18 8 16 
24 24 6 18 8 16 
24 24 6 18 8 16 
24 24 8 18 16 6 
24 24 8 18 16 6 
24 24 8 18 6 16 
24 24 8 16 16 8 
24 24 8 16 16 8 
24 24 8 16 18 6 
24 24 8 16 18 6 
24 24 8 16 6 18 
24 24 8 16 8 16 
24 24 8 16 8 16 
24 24 8 16 18 6 
24 24 8 16 18 6 
24 24 8 16 6 18 
24 24 8 16 8 16 
24 24 8 16 8 16 
24 24 8 18 6 16 
24 24 8 18 6 16 
24 24 8 6 18 16 
24 24 18 16 6 8 
24 24 18 16 6 8 
24 24 18 16 6 8 
24 24 18 16 6 8 
24 24 18 6 8 16 
24 24 18 6 8 16 
24 24 16 16 8 8 
24 24 16 18 6 8 
24 24 16 18 6 8 
24 24 16 18 6 8 
24 24 16 18 6 8 
24 24 16 6 18 8 
24 24 16 6 18 8 
24 24 16 8 8 16 
24 24 16 18 6 8 
24 24 16 18 6 8 
24 24 16 18 6 8 
24 24 16 18 6 8 
24 24 16 6 18 8 
24 24 16 6 18 8 
24 24 16 8 8 16 
24 24 18 6 8 16 
24 24 18 6 8 16 
24 24 18 6 8 16 
24 24 18 6 8 16 
24 24 6 18 8 16 
24 24 6 18 8 16 
24 1 60 60 36 59 
24 1 60 60 36 59 
24 1 60 60 59 36 
24 1 60 36 59 60 
24 1 60 36 59 60 
24 1 60 59 36 60 
24 1 27 50 51 51 
24 1 60 36 59 60 
24 1 60 36 59 60 
24 1 60 59 36 60 
24 1 54 30 53 54 
24 1 54 31 55 55 
24 1 6 19 25 25 
24 1 31 55 54 55 
24 1 55 32 56 56 
24 1 6 19 25 25 
24 1 68 69 45 69 
24 1 32 55 56 56 
24 1 19 25 6 25 
24 60 27 60 36 33 
24 60 27 60 36 33 
24 60 27 60 33 36 
24 60 27 36 33 60 
24 60 27 36 33 60 
24 60 27 33 36 60 
24 60 60 36 54 6 
24 60 60 36 54 6 
24 60 60 36 54 6 
24 60 60 36 6 54 
24 60 60 36 3 57 
24 60 60 36 31 29 
24 60 60 36 47 13 
24 60 60 36 6 54 
24 60 60 36 1 59 
24 60 60 36 44 16 
24 60 60 36 44 16 
24 60 60 36 44 16 
24 60 60 36 26 34 
24 60 60 36 26 34 
24 60 60 36 32 28 
24 60 60 36 32 28 
24 60 60 36 54 6 
24 60 60 36 15 45 
24 60 60 36 54 6 
24 60 60 36 54 6 
24 60 60 36 54 6 
24 60 60 36 6 54 
24 60 60 36 3 57 
24 60 60 36 31 29 
24 60 60 36 47 13 
24 60 60 36 6 54 
24 60 60 36 1 59 
24 60 60 36 44 16 
24 60 60 36 44 16 
24 60 60 36 44 16 
24 60 60 36 26 34 
24 60 60 36 26 34 
24 60 60 36 32 28 
24 60 60 36 32 28 
24 60 60 36 54 6 
24 60 60 36 15 45 
24 60 60 54 6 36 
24 60 60 54 6 36 
24 60 60 54 6 36 
24 60 60 30 6 60 
24 60 60 30 6 60 
24 60 60 30 6 60 
24 60 60 6 54 36 
24 60 60 3 33 60 
24 60 60 3 57 36 
24 60 60 31 29 36 
24 60 60 47 13 36 
24 60 60 6 54 36 
24 60 60 1 59 36 
24 60 60 8 28 60 
24 60 60 8 28 60 
24 60 60 44 16 36 
24 60 60 44 16 36 
24 60 60 44 36 16 
24 60 60 26 34 36 
24 60 60 26 34 36 
24 60 60 20 16 60 
24 60 60 20 16 60 
24 60 60 20 16 60 
24 60 60 18 18 60 
24 60 60 18 18 60 
24 60 60 18 18 60 
24 60 60 16 20 60 
24 60 60 32 36 28 
24 60 60 32 36 28 
24 60 60 20 16 60 
24 60 60 20 16 60 
24 60 60 54 6 36 
24 60 60 15 36 45 
24 60 60 18 18 60 
24 60 60 18 18 60 
24 60 60 18 18 60 
24 60 60 8 28 60 
24 60 60 8 28 60 
24 60 60 8 28 60 
24 60 60 8 28 60 
24 60 36 54 6 60 
24 60 36 54 6 60 
24 60 36 54 6 60 
24 60 36 6 54 60 
24 60 36 3 57 60 
24 60 36 31 29 60 
24 60 36 47 13 60 
24 60 36 6 54 60 
24 60 36 1 59 60 
24 60 36 44 16 60 
24 60 36 44 16 60 
24 60 36 44 16 60 
24 60 36 26 34 60 
24 60 36 26 34 60 
24 60 36 32 28 60 
24 60 36 32 28 60 
24 60 36 54 6 60 
24 60 36 15 45 60 
24 60 36 54 6 60 
24 60 36 54 6 60 
24 60 36 54 6 60 
24 60 36 6 54 60 
24 60 36 3 57 60 
24 60 36 31 29 60 
24 60 36 47 13 60 
24 60 36 6 54 60 
24 60 36 1 59 60 
24 60 36 44 16 60 
24 60 36 44 16 60 
24 60 36 44 16 60 
24 60 36 26 34 60 
24 60 36 26 34 60 
24 60 36 32 28 60 
24 60 36 32 28 60 
24 60 36 54 6 60 
24 60 36 15 45 60 
24 60 54 6 36 60 
24 60 54 6 36 60 
24 60 54 6 36 60 
24 60 6 54 36 60 
24 60 3 57 36 60 
24 60 31 29 36 60 
24 60 47 13 36 60 
24 60 6 54 36 60 
24 60 1 59 36 60 
24 60 44 16 36 60 
24 60 44 16 36 60 
24 60 44 36 16 60 
24 60 26 34 36 60 
24 60 26 34 36 60 
24 60 32 36 28 60 
24 60 32 36 28 60 
24 60 54 6 36 60 
24 60 15 36 45 60 
24 27 60 36 33 60 
24 27 60 36 33 60 
24 27 60 33 36 60 
24 27 36 51 51 15 
24 27 36 51 51 15 
24 27 6 51 51 45 
24 27 3 51 51 48 
24 27 31 55 55 28 
24 27 31 55 55 28 
24 27 31 51 51 20 
24 27 31 51 51 20 
24 27 6 51 51 45 
24 27 50 51 1 51 
24 27 51 26 51 25 
24 27 51 26 51 25 
24 27 51 51 18 33 
24 27 51 51 32 19 
24 27 51 51 33 18 
24 27 51 51 33 18 
24 27 51 51 33 18 
24 27 51 51 15 36 
24 27 51 51 6 45 
24 27 29 32 56 56 
24 60 36 54 6 60 
24 60 36 54 6 60 
24 60 36 54 6 60 
24 60 36 6 54 60 
24 60 36 3 57 60 
24 60 36 31 29 60 
24 60 36 47 13 60 
24 60 36 6 54 60 
24 60 36 1 59 60 
24 60 36 44 16 60 
24 60 36 44 16 60 
24 60 36 44 16 60 
24 60 36 26 34 60 
24 60 36 26 34 60 
24 60 36 32 28 60 
24 60 36 32 28 60 
24 60 36 54 6 60 
24 60 36 15 45 60 
24 60 36 54 6 60 
24 60 36 54 6 60 
24 60 36 54 6 60 
24 60 36 6 54 60 
24 60 36 3 57 60 
24 60 36 31 29 60 
24 60 36 47 13 60 
24 60 36 6 54 60 
24 60 36 1 59 60 
24 60 36 44 16 60 
24 60 36 44 16 60 
24 60 36 44 16 60 
24 60 36 26 34 60 
24 60 36 26 34 60 
24 60 36 32 28 60 
24 60 36 32 28 60 
24 60 36 54 6 60 
24 60 36 15 45 60 
24 60 54 6 36 60 
24 60 54 6 36 60 
24 60 54 6 36 60 
24 60 6 54 36 60 
24 60 3 57 36 60 
24 60 31 29 36 60 
24 60 47 13 36 60 
24 60 6 54 36 60 
24 60 1 59 36 60 
24 60 44 16 36 60 
24 60 44 16 36 60 
24 60 44 36 16 60 
24 60 26 34 36 60 
24 60 26 34 36 60 
24 60 32 36 28 60 
24 60 32 36 28 60 
24 60 54 6 36 60 
24 60 15 36 45 60 
24 36 36 6 6 36 
24 36 36 6 6 36 
24 36 36 6 6 36 
24 36 54 30 18 54 
24 36 54 30 54 18 
24 36 54 30 54 18 
24 36 54 30 54 18 
24 36 31 55 55 19 
24 36 20 32 56 56 
24 36 32 20 56 56 
24 36 33 69 45 69 
24 36 54 30 18 54 
24 36 54 30 54 18 
24 36 54 30 54 18 
24 36 54 30 54 18 
24 36 31 55 55 19 
24 36 20 32 56 56 
24 36 32 20 56 56 
24 36 33 69 45 69 
24 54 30 6 54 48 
24 54 30 3 51 54 
24 54 30 3 51 54 
24 54 30 6 54 48 
24 54 30 1 53 54 
24 54 30 29 54 25 
24 54 30 29 54 25 
24 54 30 26 54 28 
24 54 30 26 54 28 
24 54 30 20 54 34 
24 54 30 20 54 34 
24 54 30 18 54 36 
24 54 30 20 54 34 
24 54 30 20 54 34 
24 54 30 54 18 36 
24 54 30 54 18 36 
24 54 30 54 6 48 
24 54 30 54 18 36 
24 54 31 55 1 55 
24 54 15 69 45 69 
24 30 31 55 55 25 
24 30 31 55 55 25 
24 30 26 32 56 56 
24 6 50 32 56 56 
24 6 1 19 25 25 
24 3 53 32 56 56 
24 31 47 55 8 55 
24 31 47 55 55 8 
24 31 47 55 55 8 
24 31 55 1 54 55 
24 31 55 29 26 55 
24 31 55 55 19 36 
24 31 32 25 56 56 
24 31 32 56 56 25 
24 55 1 32 56 56 
24 55 14 69 45 69 
24 55 14 69 45 69 
24 6 50 32 56 56 
24 6 1 19 25 25 
24 50 32 56 6 56 
24 50 19 69 45 69 
24 51 18 69 45 69 
24 51 18 69 45 69 
24 51 18 69 45 69 
24 51 18 69 45 69 
24 1 68 69 45 69 
24 1 32 55 56 56 
24 1 19 25 6 25 
24 8 32 56 48 56 
24 44 25 69 45 69 
24 44 25 69 45 69 
24 14 55 69 45 69 
24 53 16 69 45 69 
24 53 16 69 45 69 
24 53 69 45 16 69 
24 51 18 69 45 69 
24 51 18 69 45 69 
24 51 18 69 45 69 
24 51 18 69 45 69 
24 20 32 56 56 36 
24 32 20 56 56 36 
24 32 56 48 56 8 
24 32 56 48 56 8 
24 32 56 56 28 28 
24 54 15 69 45 69 
24 33 69 36 45 69 
24 55 14 69 45 69 
24 13 56 69 45 69 
24 13 56 69 45 69 
24 1 60 60 36 59 
24 1 60 60 36 59 
24 1 60 60 59 36 
24 1 60 36 59 60 
24 1 60 36 59 60 
24 1 60 59 36 60 
24 1 27 50 51 51 
24 1 60 36 59 60 
24 1 60 36 59 60 
24 1 60 59 36 60 
24 1 54 30 53 54 
24 1 54 31 55 55 
24 1 6 19 25 25 
24 1 31 55 54 55 
24 1 55 32 56 56 
24 1 6 19 25 25 
24 1 68 69 45 69 
24 1 32 55 56 56 
24 1 19 25 6 25 
24 60 27 60 36 33 
24 60 27 60 36 33 
24 60 27 60 33 36 
24 60 27 36 33 60 
24 60 27 36 33 60 
24 60 27 33 36 60 
24 60 60 36 54 6 
24 60 60 36 54 6 
24 60 60 36 54 6 
24 60 60 36 6 54 
24 60 60 36 3 57 
24 60 60 36 31 29 
24 60 60 36 47 13 
24 60 60 36 6 54 
24 60 60 36 1 59 
24 60 60 36 44 16 
24 60 60 36 44 16 
24 60 60 36 44 16 
24 60 60 36 26 34 
24 60 60 36 26 34 
24 60 60 36 32 28 
24 60 60 36 32 28 
24 60 60 36 54 6 
24 60 60 36 15 45 
24 60 60 36 54 6 
24 60 60 36 54 6 
24 60 60 36 54 6 
24 60 60 36 6 54 
24 60 60 36 3 57 
24 60 60 36 31 29 
24 60 60 36 47 13 
24 60 60 36 6 54 
24 60 60 36 1 59 
24 60 60 36 44 16 
24 60 60 36 44 16 
24 60 60 36 44 16 
24 60 60 36 26 34 
24 60 60 36 26 34 
24 60 60 36 32 28 
24 60 60 36 32 28 
24 60 60 36 54 6 
24 60 60 36 15 45 
24 60 60 54 6 36 
24 60 60 54 6 36 
24 60 60 54 6 36 
24 60 60 30 6 60 
24 60 60 30 6 60 
24 60 60 30 6 60 
24 60 60 6 54 36 
24 60 60 3 33 60 
24 60 60 3 57 36 
24 60 60 31 29 36 
24 60 60 47 13 36 
24 60 60 6 54 36 
24 60 60 1 59 36 
24 60 60 8 28 60 
24 60 60 8 28 60 
24 60 60 44 16 36 
24 60 60 44 16 36 
24 60 60 44 36 16 
24 60 60 26 34 36 
24 60 60 26 34 36 
24 60 60 20 16 60 
24 60 60 20 16 60 
24 60 60 20 16 60 
24 60 60 18 18 60 
24 60 60 18 18 60 
24 60 60 18 18 60 
24 60 60 16 20 60 
24 60 60 32 36 28 
24 60 60 32 36 28 
24 60 60 20 16 60 
24 60 60 20 16 60 
24 60 60 54 6 36 
24 60 60 15 36 45 
24 60 60 18 18 60 
24 60 60 18 18 60 
24 60 60 18 18 60 
24 60 60 8 28 60 
24 60 60 8 28 60 
24 60 60 8 28 60 
24 60 60 8 28 60 
24 60 36 54 6 60 
24 60 36 54 6 60 
24 60 36 54 6 60 
24 60 36 6 54 60 
24 60 36 3 57 60 
24 60 36 31 29 60 
24 60 36 47 13 60 
24 60 36 6 54 60 
24 60 36 1 59 60 
24 60 36 44 16 60 
24 60 36 44 16 60 
24 60 36 44 16 60 
24 60 36 26 34 60 
24 60 36 26 34 60 
24 60 36 32 28 60 
24 60 36 32 28 60 
24 60 36 54 6 60 
24 60 36 15 45 60 
24 60 36 54 6 60 
24 60 36 54 6 60 
24 60 36 54 6 60 
24 60 36 6 54 60 
24 60 36 3 57 60 
24 60 36 31 29 60 
24 60 36 47 13 60 
24 60 36 6 54 60 
24 60 36 1 59 60 
24 60 36 44 16 60 
24 60 36 44 16 60 
24 60 36 44 16 60 
24 60 36 26 34 60 
24 60 36 26 34 60 
24 60 36 32 28 60 
24 60 36 32 28 60 
24 60 36 54 6 60 
24 60 36 15 45 60 
24 60 54 6 36 60 
24 60 54 6 36 60 
24 60 54 6 36 60 
24 60 6 54 36 60 
24 60 3 57 36 60 
24 60 31 29 36 60 
24 60 47 13 36 60 
24 60 6 54 36 60 
24 60 1 59 36 60 
24 60 44 16 36 60 
24 60 44 16 36 60 
24 60 44 36 16 60 
24 60 26 34 36 60 
24 60 26 34 36 60 
24 60 32 36 28 60 
24 60 32 36 28 60 
24 60 54 6 36 60 
24 60 15 36 45 60 
24 27 60 36 33 60 
24 27 60 36 33 60 
24 27 60 33 36 60 
24 27 36 51 51 15 
24 27 36 51 51 15 
24 27 6 51 51 45 
24 27 3 51 51 48 
24 27 31 55 55 28 
24 27 31 55 55 28 
24 27 31 51 51 20 
24 27 31 51 51 20 
24 27 6 51 51 45 
24 27 50 51 1 51 
24 27 51 26 51 25 
24 27 51 26 51 25 
24 27 51 51 18 33 
24 27 51 51 32 19 
24 27 51 51 33 18 
24 27 51 51 33 18 
24 27 51 51 33 18 
24 27 51 51 15 36 
24 27 51 51 6 45 
24 27 29 32 56 56 
24 60 36 54 6 60 
24 60 36 54 6 60 
24 60 36 54 6 60 
24 60 36 6 54 60 
24 60 36 3 57 60 
24 60 36 31 29 60 
24 60 36 47 13 60 
24 60 36 6 54 60 
24 60 36 1 59 60 
24 60 36 44 16 60 
24 60 36 44 16 60 
24 60 36 44 16 60 
24 60 36 26 34 60 
24 60 36 26 34 60 
24 60 36 32 28 60 
24 60 36 32 28 60 
24 60 36 54 6 60 
24 60 36 15 45 60 
24 60 36 54 6 60 
24 60 36 54 6 60 
24 60 36 54 6 60 
24 60 36 6 54 60 
24 60 36 3 57 60 
24 60 36 31 29 60 
24 60 36 47 13 60 
24 60 36 6 54 60 
24 60 36 1 59 60 
24 60 36 44 16 60 
24 60 36 44 16 60 
24 60 36 44 16 60 
24 60 36 26 34 60 
24 60 36 26 34 60 
24 60 36 32 28 60 
24 60 36 32 28 60 
24 60 36 54 6 60 
24 60 36 15 45 60 
24 60 54 6 36 60 
24 60 54 6 36 60 
24 60 54 6 36 60 
24 60 6 54 36 60 
24 60 3 57 36 60 
24 60 31 29 36 60 
24 60 47 13 36 60 
24 60 6 54 36 60 
24 60 1 59 36 60 
24 60 44 16 36 60 
24 60 44 16 36 60 
24 60 44 36 16 60 
24 60 26 34 36 60 
24 60 26 34 36 60 
24 60 32 36 28 60 
24 60 32 36 28 60 
24 60 54 6 36 60 
24 60 15 36 45 60 
24 36 36 6 6 36 
24 36 36 6 6 36 
24 36 36 6 6 36 
24 36 54 30 18 54 
24 36 54 30 54 18 
24 36 54 30 54 18 
24 36 54 30 54 18 
24 36 31 55 55 19 
24 36 20 32 56 56 
24 36 32 20 56 56 
24 36 33 69 45 69 
24 36 54 30 18 54 
24 36 54 30 54 18 
24 36 54 30 54 18 
24 36 54 30 54 18 
24 36 31 55 55 19 
24 36 20 32 56 56 
24 36 32 20 56 56 
24 36 33 69 45 69 
24 54 30 6 54 48 
24 54 30 3 51 54 
24 54 30 3 51 54 
24 54 30 6 54 48 
24 54 30 1 53 54 
24 54 30 29 54 25 
24 54 30 29 54 25 
24 54 30 26 54 28 
24 54 30 26 54 28 
24 54 30 20 54 34 
24 54 30 20 54 34 
24 54 30 18 54 36 
24 54 30 20 54 34 
24 54 30 20 54 34 
24 54 30 54 18 36 
24 54 30 54 18 36 
24 54 30 54 6 48 
24 54 30 54 18 36 
24 54 31 55 1 55 
24 54 15 69 45 69 
24 30 31 55 55 25 
24 30 31 55 55 25 
24 30 26 32 56 56 
24 6 50 32 56 56 
24 6 1 19 25 25 
24 3 53 32 56 56 
24 31 47 55 8 55 
24 31 47 55 55 8 
24 31 47 55 55 8 
24 31 55 1 54 55 
24 31 55 29 26 55 
24 31 55 55 19 36 
24 31 32 25 56 56 
24 31 32 56 56 25 
24 55 1 32 56 56 
24 55 14 69 45 69 
24 55 14 69 45 69 
24 6 50 32 56 56 
24 6 1 19 25 25 
24 50 32 56 6 56 
24 50 19 69 45 69 
24 51 18 69 45 69 
24 51 18 69 45 69 
24 51 18 69 45 69 
24 51 18 69 45 69 
24 1 68 69 45 69 
24 1 32 55 56 56 
24 1 19 25 6 25 
24 8 32 56 48 56 
24 44 25 69 45 69 
24 44 25 69 45 69 
24 14 55 69 45 69 
24 53 16 69 45 69 
24 53 16 69 45 69 
24 53 69 45 16 69 
24 51 18 69 45 69 
24 51 18 69 45 69 
24 51 18 69 45 69 
24 51 18 69 45 69 
24 20 32 56 56 36 
24 32 20 56 56 36 
24 32 56 48 56 8 
24 32 56 48 56 8 
24 32 56 56 28 28 
24 54 15 69 45 69 
24 33 69 36 45 69 
24 55 14 69 45 69 
24 13 56 69 45 69 
24 13 56 69 45 69 
1 60 27 60 59 33 
1 60 27 60 32 60 
1 60 27 59 33 60 
1 60 60 54 6 59 
1 60 60 54 6 59 
1 60 60 54 59 6 
1 60 60 30 29 60 
1 60 60 6 59 54 
1 60 60 6 53 60 
1 60 60 3 59 57 
1 60 60 3 56 60 
1 60 60 3 56 60 
1 60 60 31 29 59 
1 60 60 31 28 60 
1 60 60 31 28 60 
1 60 60 47 59 13 
1 60 60 6 59 54 
1 60 60 6 53 60 
1 60 60 51 8 60 
1 60 60 51 8 60 
1 60 60 51 8 60 
1 60 60 1 58 60 
1 60 60 8 51 60 
1 60 60 44 59 16 
1 60 60 44 59 16 
1 60 60 44 59 16 
1 60 60 44 15 60 
1 60 60 14 45 60 
1 60 60 59 26 34 
1 60 60 59 26 34 
1 60 60 59 32 28 
1 60 60 59 32 28 
1 60 60 59 54 6 
1 60 60 59 15 45 
1 60 60 26 33 60 
1 60 60 53 6 60 
1 60 60 51 8 60 
1 60 60 51 8 60 
1 60 60 25 34 60 
1 60 60 25 34 60 
1 60 60 14 45 60 
1 60 60 34 25 60 
1 60 60 25 34 60 
1 60 54 6 59 60 
1 60 54 6 59 60 
1 60 54 59 6 60 
1 60 6 59 54 60 
1 60 3 59 57 60 
1 60 31 29 59 60 
1 60 47 59 13 60 
1 60 6 59 54 60 
1 60 44 59 16 60 
1 60 44 59 16 60 
1 60 44 59 16 60 
1 60 59 26 34 60 
1 60 59 26 34 60 
1 60 59 32 28 60 
1 60 59 32 28 60 
1 60 59 54 6 60 
1 60 59 15 45 60 
1 27 60 59 33 60 
1 27 36 36 8 36 
1 27 36 36 8 36 
1 27 36 36 8 36 
1 27 54 55 55 28 
1 27 54 55 55 28 
1 27 3 25 28 28 
1 27 3 25 28 28 
1 27 55 29 56 56 
1 27 55 54 55 28 
1 27 55 54 55 28 
1 27 29 55 56 56 
1 27 8 20 28 28 
1 27 8 20 28 28 
1 27 14 14 28 28 
1 27 20 8 28 28 
1 27 20 8 28 28 
1 27 20 8 28 28 
1 27 20 8 28 28 
1 27 15 13 28 28 
1 60 54 6 59 60 
1 60 54 6 59 60 
1 60 54 59 6 60 
1 60 6 59 54 60 
1 60 3 59 57 60 
1 60 31 29 59 60 
1 60 47 59 13 60 
1 60 6 59 54 60 
1 60 44 59 16 60 
1 60 44 59 16 60 
1 60 44 59 16 60 
1 60 59 26 34 60 
1 60 59 26 34 60 
1 60 59 32 28 60 
1 60 59 32 28 60 
1 60 59 54 6 60 
1 60 59 15 45 60 
1 36 36 6 29 36 
1 36 36 3 32 36 
1 36 36 6 29 36 
1 36 36 1 34 36 
1 36 36 1 34 36 
1 36 36 29 6 36 
1 36 36 20 15 36 
1 36 36 16 19 36 
1 36 36 20 15 36 
1 36 36 19 16 36 
1 36 36 19 36 16 
1 36 54 55 55 19 
1 36 54 53 18 54 
1 36 54 53 54 18 
1 36 54 53 54 18 
1 36 54 53 54 18 
1 36 55 20 56 56 
1 36 55 20 56 56 
1 36 55 54 55 19 
1 36 50 51 51 15 
1 36 68 33 69 69 
1 36 20 55 56 56 
1 36 20 55 56 56 
1 36 54 55 55 19 
1 36 54 53 18 54 
1 36 54 53 54 18 
1 36 54 53 54 18 
1 36 54 53 54 18 
1 36 55 20 56 56 
1 36 55 20 56 56 
1 36 55 54 55 19 
1 36 50 51 51 15 
1 36 68 33 69 69 
1 36 20 55 56 56 
1 36 20 55 56 56 
1 54 30 55 55 25 
1 54 30 55 55 25 
1 54 6 53 54 48 
1 54 3 51 53 54 
1 54 3 53 51 54 
1 54 47 55 8 55 
1 54 47 55 55 8 
1 54 47 55 55 8 
1 54 55 1 54 55 
1 54 55 29 26 55 
1 54 55 55 19 36 
1 54 6 53 54 48 
1 54 29 53 54 25 
1 54 29 53 54 25 
1 54 68 15 69 69 
1 54 26 53 54 28 
1 54 26 53 54 28 
1 54 53 20 54 34 
1 54 53 20 54 34 
1 54 53 18 54 36 
1 54 53 20 54 34 
1 54 53 20 54 34 
1 54 53 54 18 36 
1 54 53 54 18 36 
1 54 53 54 6 48 
1 54 53 54 18 36 
1 30 55 26 56 56 
1 30 55 54 55 25 
1 30 55 54 55 25 
1 30 26 55 56 56 
1 6 55 50 56 56 
1 6 50 51 51 45 
1 6 50 55 56 56 
1 6 1 8 8 8 
1 6 8 14 13 14 
1 6 14 20 20 19 
1 6 14 13 14 8 
1 6 14 13 14 8 
1 6 20 20 19 14 
1 6 33 34 34 28 
1 6 33 34 34 28 
1 3 31 33 34 34 
1 3 55 53 56 56 
1 3 50 51 51 48 
1 3 14 18 18 18 
1 3 14 18 18 18 
1 3 14 18 18 18 
1 3 14 18 18 18 
1 3 53 55 56 56 
1 3 18 18 14 18 
1 3 18 18 14 18 
1 3 18 14 18 18 
1 3 16 16 15 13 
1 3 16 15 13 16 
1 3 16 15 13 16 
1 3 18 14 18 18 
1 31 55 25 56 56 
1 31 55 56 56 25 
1 31 50 51 51 20 
1 31 50 51 51 20 
1 31 55 25 56 56 
1 31 55 56 56 25 
1 47 55 8 54 55 
1 47 55 54 55 8 
1 47 55 54 55 8 
1 55 6 50 56 56 
1 55 50 56 6 56 
1 55 1 55 56 56 
1 55 29 26 54 55 
1 55 8 56 48 56 
1 55 14 68 69 69 
1 55 68 14 69 69 
1 55 20 56 56 36 
1 55 20 56 56 36 
1 55 54 55 19 36 
1 55 56 48 56 8 
1 55 56 48 56 8 
1 55 56 56 28 28 
1 6 50 51 51 45 
1 6 50 55 56 56 
1 6 1 8 8 8 
1 6 8 14 13 14 
1 6 14 20 20 19 
1 6 14 13 14 8 
1 6 14 13 14 8 
1 6 20 20 19 14 
1 6 33 34 34 28 
1 6 33 34 34 28 
1 50 51 26 51 25 
1 50 51 26 51 25 
1 50 51 51 18 33 
1 50 51 51 32 19 
1 50 51 51 33 18 
1 50 51 51 33 18 
1 50 51 51 33 18 
1 50 51 51 15 36 
1 50 51 51 6 45 
1 50 68 19 69 69 
1 50 55 56 6 56 
1 51 68 18 69 69 
1 51 68 18 69 69 
1 51 68 18 69 69 
1 51 68 18 69 69 
1 1 8 6 8 8 
1 1 14 16 16 16 
1 1 18 16 18 18 
1 1 18 16 18 18 
1 1 18 16 18 18 
1 1 18 16 18 18 
1 1 18 16 18 18 
1 1 18 16 18 18 
1 1 18 18 18 16 
1 1 18 18 18 16 
1 1 18 18 18 16 
1 1 16 16 14 16 
1 1 16 18 18 18 
1 1 16 18 18 18 
1 1 18 18 18 16 
1 8 14 13 14 6 
1 8 26 33 34 34 
1 8 16 16 15 8 
1 8 16 16 15 8 
1 8 16 15 8 16 
1 8 16 15 8 16 
1 8 55 56 48 56 
1 8 16 15 8 16 
1 8 16 15 8 16 
1 44 68 25 69 69 
1 44 68 25 69 69 
1 14 68 55 69 69 
1 14 20 20 19 6 
1 14 20 33 34 34 
1 14 20 33 34 34 
1 14 13 14 6 8 
1 14 13 14 6 8 
1 68 53 16 69 69 
1 68 53 16 69 69 
1 68 53 69 16 69 
1 68 51 18 69 69 
1 68 51 18 69 69 
1 68 51 18 69 69 
1 68 51 18 69 69 
1 68 54 15 69 69 
1 68 33 69 36 69 
1 68 55 14 69 69 
1 68 13 56 69 69 
1 68 13 56 69 69 
1 26 33 34 8 34 
1 26 33 34 34 8 
1 20 20 19 14 6 
1 20 33 14 34 34 
1 20 55 56 56 36 
1 18 16 33 34 34 
1 18 33 16 34 34 
1 18 33 34 34 16 
1 16 33 18 34 34 
1 16 33 18 34 34 
1 16 33 18 34 34 
1 16 16 15 8 8 
1 16 15 8 8 16 
1 20 33 14 34 34 
1 20 55 56 56 36 
1 33 19 15 34 34 
1 33 16 18 34 34 
1 33 16 18 34 34 
1 33 16 18 34 34 
1 33 18 34 34 16 
1 33 18 34 34 16 
1 33 6 34 34 28 
1 33 6 34 34 28 
1 33 18 34 34 16 
1 55 56 48 56 8 
1 55 56 48 56 8 
1 55 56 56 28 28 
1 16 15 8 8 16 
60 27 60 54 6 33 
60 27 60 54 6 33 
60 27 60 54 33 6 
60 27 60 30 3 60 
60 27 60 6 54 33 
60 27 60 3 33 57 
60 27 60 31 29 33 
60 27 60 47 33 13 
60 27 60 6 54 33 
60 27 60 1 59 33 
60 27 60 1 32 60 
60 27 60 8 25 60 
60 27 60 8 25 60 
60 27 60 44 16 33 
60 27 60 44 33 16 
60 27 60 44 33 16 
60 27 60 14 19 60 
60 27 60 26 33 34 
60 27 60 26 33 34 
60 27 60 20 13 60 
60 27 60 18 15 60 
60 27 60 32 33 28 
60 27 60 32 33 28 
60 27 60 20 13 60 
60 27 60 54 33 6 
60 27 60 33 15 45 
60 27 60 19 14 60 
60 27 60 15 18 60 
60 27 60 15 18 60 
60 27 60 15 18 60 
60 27 60 25 8 60 
60 27 60 25 8 60 
60 27 60 25 8 60 
60 27 60 25 8 60 
60 27 54 6 33 60 
60 27 54 6 33 60 
60 27 54 33 6 60 
60 27 6 54 33 60 
60 27 3 33 57 60 
60 27 31 29 33 60 
60 27 47 33 13 60 
60 27 6 54 33 60 
60 27 1 59 33 60 
60 27 44 16 33 60 
60 27 44 33 16 60 
60 27 44 33 16 60 
60 27 26 33 34 60 
60 27 26 33 34 60 
60 27 32 33 28 60 
60 27 32 33 28 60 
60 27 54 33 6 60 
60 27 33 15 45 60 
60 60 36 6 18 60 
60 60 36 6 18 60 
60 60 36 6 18 60 
60 60 36 6 18 60 
60 60 36 6 18 60 
60 60 36 6 18 60 
60 60 36 6 18 60 
60 60 36 6 18 60 
60 60 36 8 16 60 
60 60 36 8 16 60 
60 60 36 8 16 60 
60 60 36 18 6 60 
60 60 36 16 8 60 
60 60 36 16 8 60 
60 60 36 16 8 60 
60 60 36 16 8 60 
60 60 36 18 6 60 
60 60 36 18 6 60 
60 60 36 6 18 60 
60 60 36 8 16 60 
60 60 36 8 16 60 
60 60 36 6 18 60 
60 60 36 6 18 60 
60 60 36 6 18 60 
60 60 36 6 18 60 
60 60 36 6 18 60 
60 60 36 6 18 60 
60 60 36 6 18 60 
60 60 36 6 18 60 
60 60 36 8 16 60 
60 60 36 8 16 60 
60 60 36 8 16 60 
60 60 36 18 6 60 
60 60 36 16 8 60 
60 60 36 16 8 60 
60 60 36 16 8 60 
60 60 36 16 8 60 
60 60 36 18 6 60 
60 60 36 18 6 60 
60 60 36 6 18 60 
60 60 36 8 16 60 
60 60 36 8 16 60 
60 60 54 6 3 57 
60 60 54 6 31 29 
60 60 54 6 47 13 
60 60 54 6 6 54 
60 60 54 6 1 59 
60 60 54 6 44 16 
60 60 54 6 44 16 
60 60 54 6 44 16 
60 60 54 6 26 34 
60 60 54 6 26 34 
60 60 54 6 32 28 
60 60 54 6 32 28 
60 60 54 6 54 6 
60 60 54 6 15 45 
60 60 54 3 6 57 
60 60 54 3 57 6 
60 60 54 31 6 29 
60 60 54 31 29 6 
60 60 54 47 6 13 
60 60 54 47 13 6 
60 60 54 6 1 59 
60 60 54 6 44 16 
60 60 54 6 44 16 
60 60 54 6 44 16 
60 60 54 6 26 34 
60 60 54 6 26 34 
60 60 54 6 32 28 
60 60 54 6 32 28 
60 60 54 6 54 6 
60 60 54 6 15 45 
60 60 54 1 59 6 
60 60 54 44 16 6 
60 60 54 44 16 6 
60 60 54 44 6 16 
60 60 54 26 6 34 
60 60 54 26 6 34 
60 60 54 32 6 28 
60 60 54 32 6 28 
60 60 54 15 6 45 
60 60 30 1 29 60 
60 60 30 14 16 60 
60 60 30 14 16 60 
60 60 30 14 16 60 
60 60 30 16 14 60 
60 60 30 16 14 60 
60 60 30 14 16 60 
60 60 6 3 51 60 
60 60 6 3 51 60 
60 60 6 3 54 57 
60 60 6 31 29 54 
60 60 6 47 54 13 
60 60 6 6 48 60 
60 60 6 1 59 54 
60 60 6 1 53 60 
60 60 6 29 25 60 
60 60 6 29 25 60 
60 60 6 44 16 54 
60 60 6 44 54 16 
60 60 6 44 54 16 
60 60 6 26 54 34 
60 60 6 26 54 34 
60 60 6 26 28 60 
60 60 6 26 28 60 
60 60 6 20 34 60 
60 60 6 20 34 60 
60 60 6 18 36 60 
60 60 6 32 54 28 
60 60 6 32 54 28 
60 60 6 20 34 60 
60 60 6 20 34 60 
60 60 6 54 15 45 
60 60 6 18 36 60 
60 60 6 18 36 60 
60 60 6 6 48 60 
60 60 6 18 36 60 
60 60 3 31 29 57 
60 60 3 31 26 60 
60 60 3 47 57 13 
60 60 3 6 51 60 
60 60 3 6 51 60 
60 60 3 6 54 57 
60 60 3 51 6 60 
60 60 3 1 59 57 
60 60 3 1 56 60 
60 60 3 1 56 60 
60 60 3 29 28 60 
60 60 3 29 28 60 
60 60 3 44 16 57 
60 60 3 44 16 57 
60 60 3 44 57 16 
60 60 3 44 13 60 
60 60 3 26 57 34 
60 60 3 26 57 34 
60 60 3 51 6 60 
60 60 3 32 25 60 
60 60 3 32 57 28 
60 60 3 32 57 28 
60 60 3 32 25 60 
60 60 3 54 57 6 
60 60 3 15 57 45 
60 60 31 47 29 13 
60 60 31 6 29 54 
60 60 31 1 29 59 
60 60 31 1 28 60 
60 60 31 1 28 60 
60 60 31 29 44 16 
60 60 31 29 44 16 
60 60 31 29 44 16 
60 60 31 29 26 34 
60 60 31 29 26 34 
60 60 31 29 32 28 
60 60 31 29 32 28 
60 60 31 29 54 6 
60 60 31 29 15 45 
60 60 31 14 15 60 
60 60 31 16 13 60 
60 60 31 16 13 60 
60 60 31 15 14 60 
60 60 31 13 16 60 
60 60 47 6 54 13 
60 60 47 1 59 13 
60 60 47 44 16 13 
60 60 47 44 16 13 
60 60 47 44 13 16 
60 60 47 26 13 34 
60 60 47 26 13 34 
60 60 47 32 13 28 
60 60 47 32 13 28 
60 60 47 54 13 6 
60 60 47 15 13 45 
60 60 6 1 59 54 
60 60 6 1 53 60 
60 60 6 29 25 60 
60 60 6 29 25 60 
60 60 6 44 16 54 
60 60 6 44 54 16 
60 60 6 44 54 16 
60 60 6 26 54 34 
60 60 6 26 54 34 
60 60 6 26 28 60 
60 60 6 26 28 60 
60 60 6 20 34 60 
60 60 6 20 34 60 
60 60 6 18 36 60 
60 60 6 32 54 28 
60 60 6 32 54 28 
60 60 6 20 34 60 
60 60 6 20 34 60 
60 60 6 54 15 45 
60 60 6 18 36 60 
60 60 6 18 36 60 
60 60 6 6 48 60 
60 60 6 18 36 60 
60 60 51 1 8 60 
60 60 51 1 8 60 
60 60 51 1 8 60 
60 60 1 8 51 60 
60 60 1 44 59 16 
60 60 1 44 59 16 
60 60 1 44 59 16 
60 60 1 44 15 60 
60 60 1 14 45 60 
60 60 1 59 26 34 
60 60 1 59 26 34 
60 60 1 59 32 28 
60 60 1 59 32 28 
60 60 1 59 54 6 
60 60 1 59 15 45 
60 60 1 26 33 60 
60 60 1 53 6 60 
60 60 1 51 8 60 
60 60 1 51 8 60 
60 60 1 25 34 60 
60 60 1 25 34 60 
60 60 1 14 45 60 
60 60 1 34 25 60 
60 60 1 25 34 60 
60 60 29 18 13 60 
60 60 29 16 15 60 
60 60 29 16 15 60 
60 60 29 15 16 60 
60 60 29 25 6 60 
60 60 29 18 13 60 
60 60 29 13 18 60 
60 60 29 13 18 60 
60 60 29 6 25 60 
60 60 8 44 8 60 
60 60 8 44 8 60 
60 60 8 20 32 60 
60 60 8 18 34 60 
60 60 8 18 34 60 
60 60 8 16 36 60 
60 60 8 32 20 60 
60 60 8 33 19 60 
60 60 8 16 36 60 
60 60 8 18 34 60 
60 60 8 18 34 60 
60 60 8 18 34 60 
60 60 8 18 34 60 
60 60 8 18 34 60 
60 60 8 18 34 60 
60 60 8 36 16 60 
60 60 44 26 16 34 
60 60 44 26 16 34 
60 60 44 26 16 34 
60 60 44 26 16 34 
60 60 44 26 34 16 
60 60 44 26 34 16 
60 60 44 16 32 28 
60 60 44 16 32 28 
60 60 44 16 54 6 
60 60 44 16 15 45 
60 60 44 32 16 28 
60 60 44 32 16 28 
60 60 44 32 28 16 
60 60 44 32 16 28 
60 60 44 54 16 6 
60 60 44 54 6 16 
60 60 44 16 15 45 
60 60 44 15 45 16 
60 60 44 8 8 60 
60 60 14 26 20 60 
60 60 14 26 20 60 
60 60 14 18 28 60 
60 60 14 18 28 60 
60 60 14 32 14 60 
60 60 14 33 13 60 
60 60 14 18 28 60 
60 60 14 18 28 60 
60 60 14 18 28 60 
60 60 14 18 28 60 
60 60 14 18 28 60 
60 60 14 18 28 60 
60 60 26 20 14 60 
60 60 26 18 16 60 
60 60 26 18 16 60 
60 60 26 18 16 60 
60 60 26 16 18 60 
60 60 26 16 18 60 
60 60 26 16 18 60 
60 60 26 32 34 28 
60 60 26 32 34 28 
60 60 26 32 34 28 
60 60 26 32 34 28 
60 60 26 20 14 60 
60 60 26 54 6 34 
60 60 26 54 6 34 
60 60 26 19 15 60 
60 60 26 16 18 60 
60 60 26 16 18 60 
60 60 26 16 18 60 
60 60 26 15 34 45 
60 60 26 15 34 45 
60 60 26 18 16 60 
60 60 26 18 16 60 
60 60 26 6 28 60 
60 60 26 6 28 60 
60 60 26 18 16 60 
60 60 20 32 8 60 
60 60 20 32 8 60 
60 60 20 15 25 60 
60 60 20 15 25 60 
60 60 20 6 34 60 
60 60 20 6 34 60 
60 60 18 14 28 60 
60 60 18 14 28 60 
60 60 18 6 36 60 
60 60 18 34 8 60 
60 60 18 34 8 60 
60 60 18 8 34 60 
60 60 18 34 8 60 
60 60 16 19 25 60 
60 60 16 19 25 60 
60 60 16 16 28 60 
60 60 16 16 28 60 
60 60 16 8 36 60 
60 60 16 8 36 60 
60 60 16 28 16 60 
60 60 16 16 28 60 
60 60 32 20 8 60 
60 60 32 20 8 60 
60 60 32 54 6 28 
60 60 32 54 6 28 
60 60 32 15 13 60 
60 60 32 15 28 45 
60 60 32 15 45 28 
60 60 20 15 25 60 
60 60 20 15 25 60 
60 60 20 6 34 60 
60 60 20 6 34 60 
60 60 54 15 6 45 
60 60 33 19 8 60 
60 60 33 19 8 60 
60 60 33 13 14 60 
60 60 19 16 25 60 
60 60 19 16 25 60 
60 60 19 25 16 60 
60 60 19 13 28 60 
60 60 19 13 28 60 
60 60 19 25 16 60 
60 60 16 8 36 60 
60 60 16 8 36 60 
60 60 16 28 16 60 
60 60 16 16 28 60 
60 60 18 14 28 60 
60 60 18 14 28 60 
60 60 18 6 36 60 
60 60 18 34 8 60 
60 60 18 34 8 60 
60 60 18 8 34 60 
60 60 18 34 8 60 
60 60 14 18 28 60 
60 60 14 18 28 60 
60 60 14 18 28 60 
60 60 14 18 28 60 
60 60 18 6 36 60 
60 60 18 34 8 60 
60 60 18 34 8 60 
60 60 18 8 34 60 
60 60 18 34 8 60 
60 60 6 18 36 60 
60 60 18 34 8 60 
60 60 18 34 8 60 
60 60 18 8 34 60 
60 60 18 34 8 60 
60 60 8 36 16 60 
60 60 8 36 16 60 
60 54 6 3 57 60 
60 54 6 31 29 60 
60 54 6 47 13 60 
60 54 6 6 54 60 
60 54 6 1 59 60 
60 54 6 44 16 60 
60 54 6 44 16 60 
60 54 6 44 16 60 
60 54 6 26 34 60 
60 54 6 26 34 60 
60 54 6 32 28 60 
60 54 6 32 28 60 
60 54 6 54 6 60 
60 54 6 15 45 60 
60 54 3 6 57 60 
60 54 3 57 6 60 
60 54 31 6 29 60 
60 54 31 29 6 60 
60 54 47 6 13 60 
60 54 47 13 6 60 
60 54 6 1 59 60 
60 54 6 44 16 60 
60 54 6 44 16 60 
60 54 6 44 16 60 
60 54 6 26 34 60 
60 54 6 26 34 60 
60 54 6 32 28 60 
60 54 6 32 28 60 
60 54 6 54 6 60 
60 54 6 15 45 60 
60 54 1 59 6 60 
60 54 44 16 6 60 
60 54 44 16 6 60 
60 54 44 6 16 60 
60 54 26 6 34 60 
60 54 26 6 34 60 
60 54 32 6 28 60 
60 54 32 6 28 60 
60 54 15 6 45 60 
60 6 3 54 57 60 
60 6 31 29 54 60 
60 6 47 54 13 60 
60 6 1 59 54 60 
60 6 44 16 54 60 
60 6 44 54 16 60 
60 6 44 54 16 60 
60 6 26 54 34 60 
60 6 26 54 34 60 
60 6 32 54 28 60 
60 6 32 54 28 60 
60 6 54 15 45 60 
60 3 31 29 57 60 
60 3 47 57 13 60 
60 3 6 54 57 60 
60 3 1 59 57 60 
60 3 44 16 57 60 
60 3 44 16 57 60 
60 3 44 57 16 60 
60 3 26 57 34 60 
60 3 26 57 34 60 
60 3 32 57 28 60 
60 3 32 57 28 60 
60 3 54 57 6 60 
60 3 15 57 45 60 
60 31 47 29 13 60 
60 31 6 29 54 60 
60 31 1 29 59 60 
60 31 29 44 16 60 
60 31 29 44 16 60 
60 31 29 44 16 60 
60 31 29 26 34 60 
60 31 29 26 34 60 
60 31 29 32 28 60 
60 31 29 32 28 60 
60 31 29 54 6 60 
60 31 29 15 45 60 
60 47 6 54 13 60 
60 47 1 59 13 60 
60 47 44 16 13 60 
60 47 44 16 13 60 
60 47 44 13 16 60 
60 47 26 13 34 60 
60 47 26 13 34 60 
60 47 32 13 28 60 
60 47 32 13 28 60 
60 47 54 13 6 60 
60 47 15 13 45 60 
60 6 1 59 54 60 
60 6 44 16 54 60 
60 6 44 54 16 60 
60 6 44 54 16 60 
60 6 26 54 34 60 
60 6 26 54 34 60 
60 6 32 54 28 60 
60 6 32 54 28 60 
60 6 54 15 45 60 
60 1 44 59 16 60 
60 1 44 59 16 60 
60 1 44 59 16 60 
60 1 59 26 34 60 
60 1 59 26 34 60 
60 1 59 32 28 60 
60 1 59 32 28 60 
60 1 59 54 6 60 
60 1 59 15 45 60 
60 44 26 16 34 60 
60 44 26 16 34 60 
60 44 26 16 34 60 
60 44 26 16 34 60 
60 44 26 34 16 60 
60 44 26 34 16 60 
60 44 16 32 28 60 
60 44 16 32 28 60 
60 44 16 54 6 60 
60 44 16 15 45 60 
60 44 32 16 28 60 
60 44 32 16 28 60 
60 44 32 28 16 60 
60 44 32 16 28 60 
60 44 54 16 6 60 
60 44 54 6 16 60 
60 44 16 15 45 60 
60 44 15 45 16 60 
60 26 32 34 28 60 
60 26 32 34 28 60 
60 26 32 34 28 60 
60 26 32 34 28 60 
60 26 54 6 34 60 
60 26 54 6 34 60 
60 26 15 34 45 60 
60 26 15 34 45 60 
60 32 54 6 28 60 
60 32 54 6 28 60 
60 32 15 28 45 60 
60 32 15 45 28 60 
60 54 15 6 45 60 
27 60 54 6 33 60 
27 60 54 6 33 60 
27 60 54 33 6 60 
27 60 6 54 33 60 
27 60 3 33 57 60 
27 60 31 29 33 60 
27 60 47 33 13 60 
27 60 6 54 33 60 
27 60 1 59 33 60 
27 60 44 16 33 60 
27 60 44 33 16 60 
27 60 44 33 16 60 
27 60 26 33 34 60 
27 60 26 33 34 60 
27 60 32 33 28 60 
27 60 32 33 28 60 
27 60 54 33 6 60 
27 60 33 15 45 60 
27 36 36 6 3 36 
27 36 36 3 6 36 
27 36 36 3 6 36 
27 36 36 1 8 36 
27 36 36 1 8 36 
27 36 36 1 8 36 
27 36 55 55 19 28 
27 36 55 55 19 28 
27 36 29 20 56 56 
27 36 29 20 56 56 
27 36 55 55 19 28 
27 36 55 55 19 28 
27 36 29 20 56 56 
27 36 29 20 56 56 
27 54 55 1 55 28 
27 54 55 1 55 28 
27 30 55 55 25 28 
27 30 55 55 25 28 
27 30 55 55 25 28 
27 30 55 55 25 28 
27 30 29 26 56 56 
27 6 50 29 56 56 
27 3 1 25 28 28 
27 3 1 25 28 28 
27 3 29 53 56 56 
27 31 29 25 56 56 
27 31 29 56 56 25 
27 47 55 8 55 28 
27 47 55 8 55 28 
27 47 55 55 8 28 
27 47 55 55 8 28 
27 47 55 55 8 28 
27 47 55 55 8 28 
27 55 1 29 56 56 
27 55 1 54 55 28 
27 55 1 54 55 28 
27 55 29 26 55 28 
27 55 29 26 55 28 
27 55 55 19 36 28 
27 55 55 19 36 28 
27 6 50 29 56 56 
27 50 29 56 6 56 
27 1 29 55 56 56 
27 1 8 20 28 28 
27 1 8 20 28 28 
27 1 14 14 28 28 
27 1 20 8 28 28 
27 1 20 8 28 28 
27 1 20 8 28 28 
27 1 20 8 28 28 
27 1 15 13 28 28 
27 29 8 56 48 56 
27 29 20 56 56 36 
27 29 20 56 56 36 
27 29 56 48 56 8 
27 29 56 48 56 8 
27 29 56 56 28 28 
60 54 6 3 57 60 
60 54 6 31 29 60 
60 54 6 47 13 60 
60 54 6 6 54 60 
60 54 6 1 59 60 
60 54 6 44 16 60 
60 54 6 44 16 60 
60 54 6 44 16 60 
60 54 6 26 34 60 
60 54 6 26 34 60 
60 54 6 32 28 60 
60 54 6 32 28 60 
60 54 6 54 6 60 
60 54 6 15 45 60 
60 54 3 6 57 60 
60 54 3 57 6 60 
60 54 31 6 29 60 
60 54 31 29 6 60 
60 54 47 6 13 60 
60 54 47 13 6 60 
60 54 6 1 59 60 
60 54 6 44 16 60 
60 54 6 44 16 60 
60 54 6 44 16 60 
60 54 6 26 34 60 
60 54 6 26 34 60 
60 54 6 32 28 60 
60 54 6 32 28 60 
60 54 6 54 6 60 
60 54 6 15 45 60 
60 54 1 59 6 60 
60 54 44 16 6 60 
60 54 44 16 6 60 
60 54 44 6 16 60 
60 54 26 6 34 60 
60 54 26 6 34 60 
60 54 32 6 28 60 
60 54 32 6 28 60 
60 54 15 6 45 60 
60 6 3 54 57 60 
60 6 31 29 54 60 
60 6 47 54 13 60 
60 6 1 59 54 60 
60 6 44 16 54 60 
60 6 44 54 16 60 
60 6 44 54 16 60 
60 6 26 54 34 60 
60 6 26 54 34 60 
60 6 32 54 28 60 
60 6 32 54 28 60 
60 6 54 15 45 60 
60 3 31 29 57 60 
60 3 47 57 13 60 
60 3 6 54 57 60 
60 3 1 59 57 60 
60 3 44 16 57 60 
60 3 44 16 57 60 
60 3 44 57 16 60 
60 3 26 57 34 60 
60 3 26 57 34 60 
60 3 32 57 28 60 
60 3 32 57 28 60 
60 3 54 57 6 60 
60 3 15 57 45 60 
60 31 47 29 13 60 
60 31 6 29 54 60 
60 31 1 29 59 60 
60 31 29 44 16 60 
60 31 29 44 16 60 
60 31 29 44 16 60 
60 31 29 26 34 60 
60 31 29 26 34 60 
60 31 29 32 28 60 
60 31 29 32 28 60 
60 31 29 54 6 60 
60 31 29 15 45 60 
60 47 6 54 13 60 
60 47 1 59 13 60 
60 47 44 16 13 60 
60 47 44 16 13 60 
60 47 44 13 16 60 
60 47 26 13 34 60 
60 47 26 13 34 60 
60 47 32 13 28 60 
60 47 32 13 28 60 
60 47 54 13 6 60 
60 47 15 13 45 60 
60 6 1 59 54 60 
60 6 44 16 54 60 
60 6 44 54 16 60 
60 6 44 54 16 60 
60 6 26 54 34 60 
60 6 26 54 34 60 
60 6 32 54 28 60 
60 6 32 54 28 60 
60 6 54 15 45 60 
60 1 44 59 16 60 
60 1 44 59 16 60 
60 1 44 59 16 60 
60 1 59 26 34 60 
60 1 59 26 34 60 
60 1 59 32 28 60 
60 1 59 32 28 60 
60 1 59 54 6 60 
60 1 59 15 45 60 
60 44 26 16 34 60 
60 44 26 16 34 60 
60 44 26 16 34 60 
60 44 26 16 34 60 
60 44 26 34 16 60 
60 44 26 34 16 60 
60 44 16 32 28 60 
60 44 16 32 28 60 
60 44 16 54 6 60 
60 44 16 15 45 60 
60 44 32 16 28 60 
60 44 32 16 28 60 
60 44 32 28 16 60 
60 44 32 16 28 60 
60 44 54 16 6 60 
60 44 54 6 16 60 
60 44 16 15 45 60 
60 44 15 45 16 60 
60 26 32 34 28 60 
60 26 32 34 28 60 
60 26 32 34 28 60 
60 26 32 34 28 60 
60 26 54 6 34 60 
60 26 54 6 34 60 
60 26 15 34 45 60 
60 26 15 34 45 60 
60 32 54 6 28 60 
60 32 54 6 28 60 
60 32 15 28 45 60 
60 32 15 45 28 60 
60 54 15 6 45 60 
36 36 54 18 54 18 
36 36 54 18 54 18 
36 36 54 18 54 18 
36 36 54 54 18 18 
36 36 54 54 18 18 
36 36 54 54 18 18 
36 36 30 6 3 33 
36 36 30 6 8 28 
36 36 30 6 8 28 
36 36 30 6 20 16 
36 36 30 6 20 16 
36 36 30 6 20 16 
36 36 30 6 18 18 
36 36 30 6 18 18 
36 36 30 6 18 18 
36 36 30 6 16 20 
36 36 30 6 20 16 
36 36 30 6 20 16 
36 36 30 6 18 18 
36 36 30 6 18 18 
36 36 30 6 18 18 
36 36 30 6 8 28 
36 36 30 6 8 28 
36 36 30 6 8 28 
36 36 30 6 8 28 
36 36 30 3 6 33 
36 36 30 3 33 6 
36 36 30 6 8 28 
36 36 30 6 8 28 
36 36 30 6 20 16 
36 36 30 6 20 16 
36 36 30 6 20 16 
36 36 30 6 18 18 
36 36 30 6 18 18 
36 36 30 6 18 18 
36 36 30 6 16 20 
36 36 30 6 20 16 
36 36 30 6 20 16 
36 36 30 6 18 18 
36 36 30 6 18 18 
36 36 30 6 18 18 
36 36 30 6 8 28 
36 36 30 6 8 28 
36 36 30 6 8 28 
36 36 30 6 8 28 
36 36 30 8 6 28 
36 36 30 8 6 28 
36 36 30 20 16 6 
36 36 30 20 16 6 
36 36 30 20 6 16 
36 36 30 18 18 6 
36 36 30 18 18 6 
36 36 30 18 6 18 
36 36 30 16 20 6 
36 36 30 20 16 6 
36 36 30 20 6 16 
36 36 30 18 18 6 
36 36 30 18 6 18 
36 36 30 18 6 18 
36 36 30 6 8 28 
36 36 30 6 8 28 
36 36 30 6 8 28 
36 36 30 6 8 28 
36 36 6 1 29 36 
36 36 6 14 16 36 
36 36 6 14 16 36 
36 36 6 14 36 16 
36 36 6 16 14 36 
36 36 6 16 14 36 
36 36 6 14 36 16 
36 36 3 1 32 36 
36 36 3 8 33 28 
36 36 3 8 33 28 
36 36 3 8 25 36 
36 36 3 8 25 36 
36 36 3 14 19 36 
36 36 3 20 16 33 
36 36 3 20 33 16 
36 36 3 20 33 16 
36 36 3 20 13 36 
36 36 3 18 33 18 
36 36 3 18 33 18 
36 36 3 18 33 18 
36 36 3 18 15 36 
36 36 3 16 20 33 
36 36 3 20 33 16 
36 36 3 20 33 16 
36 36 3 20 13 36 
36 36 3 33 18 18 
36 36 3 33 18 18 
36 36 3 33 18 18 
36 36 3 33 8 28 
36 36 3 33 8 28 
36 36 3 33 8 28 
36 36 3 33 8 28 
36 36 3 19 14 36 
36 36 3 15 18 36 
36 36 3 15 18 36 
36 36 3 15 18 36 
36 36 3 25 8 36 
36 36 3 25 8 36 
36 36 3 25 8 36 
36 36 3 25 8 36 
36 36 6 1 29 36 
36 36 6 14 16 36 
36 36 6 14 16 36 
36 36 6 14 36 16 
36 36 6 16 14 36 
36 36 6 16 14 36 
36 36 6 14 36 16 
36 36 1 29 6 36 
36 36 1 20 15 36 
36 36 1 16 19 36 
36 36 1 20 15 36 
36 36 1 19 16 36 
36 36 1 19 36 16 
36 36 8 14 14 36 
36 36 8 20 16 28 
36 36 8 20 16 28 
36 36 8 20 16 28 
36 36 8 20 16 28 
36 36 8 20 8 36 
36 36 8 20 8 36 
36 36 8 20 28 16 
36 36 8 20 16 28 
36 36 8 18 18 28 
36 36 8 18 18 28 
36 36 8 18 18 28 
36 36 8 18 18 28 
36 36 8 18 18 28 
36 36 8 18 18 28 
36 36 8 16 20 28 
36 36 8 16 20 28 
36 36 8 20 16 28 
36 36 8 20 16 28 
36 36 8 20 8 36 
36 36 8 20 8 36 
36 36 8 20 28 16 
36 36 8 20 16 28 
36 36 8 15 13 36 
36 36 8 18 18 28 
36 36 8 18 18 28 
36 36 8 18 18 28 
36 36 8 18 18 28 
36 36 8 18 18 28 
36 36 8 18 18 28 
36 36 8 8 28 28 
36 36 8 8 28 28 
36 36 14 16 6 36 
36 36 14 16 6 36 
36 36 14 14 8 36 
36 36 14 14 8 36 
36 36 14 6 36 16 
36 36 20 18 16 18 
36 36 20 18 16 18 
36 36 20 18 16 18 
36 36 20 18 16 18 
36 36 20 18 16 18 
36 36 20 18 16 18 
36 36 20 18 18 16 
36 36 20 18 18 16 
36 36 20 18 18 16 
36 36 20 16 20 16 
36 36 20 16 20 16 
36 36 20 16 18 18 
36 36 20 16 18 18 
36 36 20 16 18 18 
36 36 20 16 8 28 
36 36 20 16 8 28 
36 36 20 16 8 28 
36 36 20 16 8 28 
36 36 20 20 16 16 
36 36 20 20 56 56 
36 36 20 16 18 18 
36 36 20 16 18 18 
36 36 20 16 18 18 
36 36 20 16 8 28 
36 36 20 16 8 28 
36 36 20 16 8 28 
36 36 20 16 8 28 
36 36 20 18 18 16 
36 36 20 18 18 16 
36 36 20 18 18 16 
36 36 20 8 8 36 
36 36 20 8 28 16 
36 36 20 8 16 28 
36 36 20 8 28 16 
36 36 20 8 16 28 
36 36 18 16 20 18 
36 36 18 16 20 18 
36 36 18 16 20 18 
36 36 18 20 16 18 
36 36 18 20 16 18 
36 36 18 20 16 18 
36 36 18 20 18 16 
36 36 18 20 18 16 
36 36 18 20 18 16 
36 36 18 18 18 18 
36 36 18 18 8 28 
36 36 18 18 8 28 
36 36 18 18 8 28 
36 36 18 18 8 28 
36 36 18 18 8 28 
36 36 18 18 8 28 
36 36 18 18 8 28 
36 36 18 18 8 28 
36 36 18 18 8 28 
36 36 18 18 8 28 
36 36 18 18 8 28 
36 36 18 18 8 28 
36 36 16 20 18 18 
36 36 16 20 18 18 
36 36 16 20 18 18 
36 36 16 20 8 28 
36 36 16 20 8 28 
36 36 16 20 8 28 
36 36 16 20 8 28 
36 36 16 14 6 36 
36 36 20 16 18 18 
36 36 20 16 18 18 
36 36 20 16 18 18 
36 36 20 16 8 28 
36 36 20 16 8 28 
36 36 20 16 8 28 
36 36 20 16 8 28 
36 36 20 18 18 16 
36 36 20 18 18 16 
36 36 20 18 18 16 
36 36 20 8 8 36 
36 36 20 8 28 16 
36 36 20 8 16 28 
36 36 20 8 28 16 
36 36 20 8 16 28 
36 36 16 14 6 36 
36 36 15 13 8 36 
36 36 15 13 8 36 
36 36 18 18 8 28 
36 36 18 18 8 28 
36 36 18 18 8 28 
36 36 18 18 8 28 
36 36 18 18 8 28 
36 36 18 18 8 28 
36 36 18 18 8 28 
36 36 18 18 8 28 
36 36 14 6 36 16 
36 36 18 18 8 28 
36 36 18 18 8 28 
36 36 18 18 8 28 
36 36 18 18 8 28 
36 36 8 8 28 28 
36 54 6 18 54 48 
36 54 6 54 18 48 
36 54 6 54 18 48 
36 54 6 54 48 18 
36 54 3 51 18 54 
36 54 3 51 54 18 
36 54 3 51 54 18 
36 54 3 51 54 18 
36 54 3 51 18 54 
36 54 3 51 54 18 
36 54 3 51 54 18 
36 54 3 51 54 18 
36 54 55 1 55 19 
36 54 6 18 54 48 
36 54 6 54 18 48 
36 54 6 54 18 48 
36 54 6 54 48 18 
36 54 1 53 18 54 
36 54 1 53 54 18 
36 54 1 53 54 18 
36 54 1 53 54 18 
36 54 29 18 54 25 
36 54 29 18 54 25 
36 54 29 54 25 18 
36 54 29 54 25 18 
36 54 29 54 25 18 
36 54 29 54 18 25 
36 54 29 54 18 25 
36 54 29 54 18 25 
36 54 26 18 54 28 
36 54 26 18 54 28 
36 54 26 54 18 28 
36 54 26 54 18 28 
36 54 26 54 18 28 
36 54 26 54 18 28 
36 54 26 54 18 28 
36 54 26 54 18 28 
36 54 20 18 54 34 
36 54 20 18 54 34 
36 54 20 54 18 34 
36 54 20 54 18 34 
36 54 20 54 18 34 
36 54 20 54 18 34 
36 54 20 54 18 34 
36 54 20 54 18 34 
36 54 18 20 54 34 
36 54 18 20 54 34 
36 54 18 54 18 36 
36 54 18 54 18 36 
36 54 18 54 6 48 
36 54 18 54 18 36 
36 54 20 54 18 34 
36 54 20 54 18 34 
36 54 20 54 18 34 
36 54 20 54 18 34 
36 54 20 54 18 34 
36 54 20 54 18 34 
36 54 54 18 18 36 
36 54 54 18 6 48 
36 54 54 18 18 36 
36 54 54 18 6 48 
36 54 54 18 18 36 
36 54 54 6 48 18 
36 54 33 15 69 69 
36 30 6 3 33 36 
36 30 6 8 36 28 
36 30 6 8 36 28 
36 30 6 20 16 36 
36 30 6 20 16 36 
36 30 6 20 36 16 
36 30 6 18 18 36 
36 30 6 18 18 36 
36 30 6 18 18 36 
36 30 6 16 20 36 
36 30 6 20 16 36 
36 30 6 20 36 16 
36 30 6 18 18 36 
36 30 6 18 18 36 
36 30 6 18 18 36 
36 30 6 8 36 28 
36 30 6 8 36 28 
36 30 6 8 36 28 
36 30 6 8 36 28 
36 30 3 6 33 36 
36 30 3 33 6 36 
36 30 55 55 19 25 
36 30 55 55 19 25 
36 30 6 8 36 28 
36 30 6 8 36 28 
36 30 6 20 16 36 
36 30 6 20 16 36 
36 30 6 20 36 16 
36 30 6 18 18 36 
36 30 6 18 18 36 
36 30 6 18 18 36 
36 30 6 16 20 36 
36 30 6 20 16 36 
36 30 6 20 36 16 
36 30 6 18 18 36 
36 30 6 18 18 36 
36 30 6 18 18 36 
36 30 6 8 36 28 
36 30 6 8 36 28 
36 30 6 8 36 28 
36 30 6 8 36 28 
36 30 8 6 36 28 
36 30 8 6 36 28 
36 30 26 20 56 56 
36 30 26 20 56 56 
36 30 20 16 6 36 
36 30 20 16 6 36 
36 30 20 6 36 16 
36 30 18 18 6 36 
36 30 18 18 6 36 
36 30 18 6 18 36 
36 30 16 20 6 36 
36 30 20 16 6 36 
36 30 20 6 36 16 
36 30 18 18 6 36 
36 30 18 6 18 36 
36 30 18 6 18 36 
36 30 6 8 36 28 
36 30 6 8 36 28 
36 30 6 8 36 28 
36 30 6 8 36 28 
36 6 50 20 56 56 
36 6 50 20 56 56 
36 6 51 51 15 45 
36 3 51 51 15 48 
36 3 8 33 36 28 
36 3 8 33 36 28 
36 3 53 20 56 56 
36 3 53 20 56 56 
36 3 20 16 33 36 
36 3 20 33 16 36 
36 3 20 33 36 16 
36 3 18 33 18 36 
36 3 18 33 18 36 
36 3 18 33 18 36 
36 3 16 20 33 36 
36 3 20 33 16 36 
36 3 20 33 36 16 
36 3 33 18 18 36 
36 3 33 18 18 36 
36 3 33 18 18 36 
36 3 33 8 36 28 
36 3 33 8 36 28 
36 3 33 8 36 28 
36 3 33 8 36 28 
36 31 51 51 20 15 
36 31 51 51 20 15 
36 31 20 25 56 56 
36 31 20 56 56 25 
36 31 20 25 56 56 
36 31 20 56 56 25 
36 47 55 8 55 19 
36 47 55 55 19 8 
36 47 55 55 19 8 
36 55 1 20 56 56 
36 55 1 20 56 56 
36 55 1 54 55 19 
36 55 29 26 55 19 
36 55 14 33 69 69 
36 55 33 14 69 69 
36 6 50 20 56 56 
36 6 50 20 56 56 
36 6 51 51 15 45 
36 50 51 1 51 15 
36 50 20 56 6 56 
36 50 20 56 6 56 
36 50 33 19 69 69 
36 51 26 51 15 25 
36 51 26 51 15 25 
36 51 51 18 33 15 
36 51 51 32 19 15 
36 51 51 33 15 18 
36 51 51 33 15 18 
36 51 51 33 15 18 
36 51 51 15 6 45 
36 51 18 33 69 69 
36 51 33 18 69 69 
36 51 33 18 69 69 
36 51 33 18 69 69 
36 1 68 33 69 69 
36 1 20 55 56 56 
36 1 20 55 56 56 
36 8 20 16 36 28 
36 8 20 16 36 28 
36 8 20 16 36 28 
36 8 20 16 36 28 
36 8 20 56 48 56 
36 8 20 36 28 16 
36 8 20 36 16 28 
36 8 18 18 36 28 
36 8 18 18 36 28 
36 8 18 18 36 28 
36 8 18 18 36 28 
36 8 18 18 36 28 
36 8 18 18 36 28 
36 8 16 20 36 28 
36 8 16 20 36 28 
36 8 20 16 36 28 
36 8 20 16 36 28 
36 8 20 56 48 56 
36 8 20 36 28 16 
36 8 20 36 16 28 
36 8 18 18 36 28 
36 8 18 18 36 28 
36 8 18 18 36 28 
36 8 18 18 36 28 
36 8 18 18 36 28 
36 8 18 18 36 28 
36 8 8 36 28 28 
36 8 8 36 28 28 
36 44 33 25 69 69 
36 44 33 25 69 69 
36 14 33 55 69 69 
36 53 16 33 69 69 
36 53 33 16 69 69 
36 53 33 69 16 69 
36 51 18 33 69 69 
36 51 33 18 69 69 
36 51 33 18 69 69 
36 51 33 18 69 69 
36 20 18 16 18 36 
36 20 18 16 18 36 
36 20 18 16 18 36 
36 20 18 16 18 36 
36 20 18 16 18 36 
36 20 18 16 18 36 
36 20 18 18 36 16 
36 20 18 18 36 16 
36 20 18 18 36 16 
36 20 16 20 16 36 
36 20 16 20 36 16 
36 20 16 18 18 36 
36 20 16 18 18 36 
36 20 16 18 18 36 
36 20 16 8 36 28 
36 20 16 8 36 28 
36 20 16 8 36 28 
36 20 16 8 36 28 
36 20 20 16 36 16 
36 20 20 56 56 36 
36 20 16 18 18 36 
36 20 16 18 18 36 
36 20 16 18 18 36 
36 20 16 8 36 28 
36 20 16 8 36 28 
36 20 16 8 36 28 
36 20 16 8 36 28 
36 20 18 18 36 16 
36 20 18 18 36 16 
36 20 56 48 56 8 
36 20 56 48 56 8 
36 20 56 56 28 28 
36 20 18 18 36 16 
36 20 8 36 28 16 
36 20 8 36 16 28 
36 20 8 36 28 16 
36 20 8 36 16 28 
36 18 16 20 18 36 
36 18 16 20 18 36 
36 18 16 20 18 36 
36 18 20 16 18 36 
36 18 20 16 18 36 
36 18 20 16 18 36 
36 18 20 18 36 16 
36 18 20 18 36 16 
36 18 20 18 36 16 
36 18 18 18 18 36 
36 18 18 8 36 28 
36 18 18 8 36 28 
36 18 18 8 36 28 
36 18 18 8 36 28 
36 18 18 8 36 28 
36 18 18 8 36 28 
36 18 18 8 36 28 
36 18 18 8 36 28 
36 18 18 8 36 28 
36 18 18 8 36 28 
36 18 18 8 36 28 
36 18 18 8 36 28 
36 16 20 18 18 36 
36 16 20 18 18 36 
36 16 20 18 18 36 
36 16 20 8 36 28 
36 16 20 8 36 28 
36 16 20 8 36 28 
36 16 20 8 36 28 
36 20 16 18 18 36 
36 20 16 18 18 36 
36 20 16 18 18 36 
36 20 16 8 36 28 
36 20 16 8 36 28 
36 20 16 8 36 28 
36 20 16 8 36 28 
36 20 18 18 36 16 
36 20 18 18 36 16 
36 20 56 48 56 8 
36 20 56 48 56 8 
36 20 56 56 28 28 
36 20 18 18 36 16 
36 20 8 36 28 16 
36 20 8 36 16 28 
36 20 8 36 28 16 
36 20 8 36 16 28 
36 54 33 15 69 69 
36 33 55 14 69 69 
36 33 13 56 69 69 
36 33 13 56 69 69 
36 18 18 8 36 28 
36 18 18 8 36 28 
36 18 18 8 36 28 
36 18 18 8 36 28 
36 18 18 8 36 28 
36 18 18 8 36 28 
36 18 18 8 36 28 
36 18 18 8 36 28 
36 18 18 8 36 28 
36 18 18 8 36 28 
36 18 18 8 36 28 
36 18 18 8 36 28 
36 8 8 36 28 28 
36 54 6 18 54 48 
36 54 6 54 18 48 
36 54 6 54 18 48 
36 54 6 54 48 18 
36 54 3 51 18 54 
36 54 3 51 54 18 
36 54 3 51 54 18 
36 54 3 51 54 18 
36 54 3 51 18 54 
36 54 3 51 54 18 
36 54 3 51 54 18 
36 54 3 51 54 18 
36 54 55 1 55 19 
36 54 6 18 54 48 
36 54 6 54 18 48 
36 54 6 54 18 48 
36 54 6 54 48 18 
36 54 1 53 18 54 
36 54 1 53 54 18 
36 54 1 53 54 18 
36 54 1 53 54 18 
36 54 29 18 54 25 
36 54 29 18 54 25 
36 54 29 54 25 18 
36 54 29 54 25 18 
36 54 29 54 25 18 
36 54 29 54 18 25 
36 54 29 54 18 25 
36 54 29 54 18 25 
36 54 26 18 54 28 
36 54 26 18 54 28 
36 54 26 54 18 28 
36 54 26 54 18 28 
36 54 26 54 18 28 
36 54 26 54 18 28 
36 54 26 54 18 28 
36 54 26 54 18 28 
36 54 20 18 54 34 
36 54 20 18 54 34 
36 54 20 54 18 34 
36 54 20 54 18 34 
36 54 20 54 18 34 
36 54 20 54 18 34 
36 54 20 54 18 34 
36 54 20 54 18 34 
36 54 18 20 54 34 
36 54 18 20 54 34 
36 54 18 54 18 36 
36 54 18 54 18 36 
36 54 18 54 6 48 
36 54 18 54 18 36 
36 54 20 54 18 34 
36 54 20 54 18 34 
36 54 20 54 18 34 
36 54 20 54 18 34 
36 54 20 54 18 34 
36 54 20 54 18 34 
36 54 54 18 18 36 
36 54 54 18 6 48 
36 54 54 18 18 36 
36 54 54 18 6 48 
36 54 54 18 18 36 
36 54 54 6 48 18 
36 54 33 15 69 69 
36 30 6 3 33 36 
36 30 6 8 36 28 
36 30 6 8 36 28 
36 30 6 20 16 36 
36 30 6 20 16 36 
36 30 6 20 36 16 
36 30 6 18 18 36 
36 30 6 18 18 36 
36 30 6 18 18 36 
36 30 6 16 20 36 
36 30 6 20 16 36 
36 30 6 20 36 16 
36 30 6 18 18 36 
36 30 6 18 18 36 
36 30 6 18 18 36 
36 30 6 8 36 28 
36 30 6 8 36 28 
36 30 6 8 36 28 
36 30 6 8 36 28 
36 30 3 6 33 36 
36 30 3 33 6 36 
36 30 55 55 19 25 
36 30 55 55 19 25 
36 30 6 8 36 28 
36 30 6 8 36 28 
36 30 6 20 16 36 
36 30 6 20 16 36 
36 30 6 20 36 16 
36 30 6 18 18 36 
36 30 6 18 18 36 
36 30 6 18 18 36 
36 30 6 16 20 36 
36 30 6 20 16 36 
36 30 6 20 36 16 
36 30 6 18 18 36 
36 30 6 18 18 36 
36 30 6 18 18 36 
36 30 6 8 36 28 
36 30 6 8 36 28 
36 30 6 8 36 28 
36 30 6 8 36 28 
36 30 8 6 36 28 
36 30 8 6 36 28 
36 30 26 20 56 56 
36 30 26 20 56 56 
36 30 20 16 6 36 
36 30 20 16 6 36 
36 30 20 6 36 16 
36 30 18 18 6 36 
36 30 18 18 6 36 
36 30 18 6 18 36 
36 30 16 20 6 36 
36 30 20 16 6 36 
36 30 20 6 36 16 
36 30 18 18 6 36 
36 30 18 6 18 36 
36 30 18 6 18 36 
36 30 6 8 36 28 
36 30 6 8 36 28 
36 30 6 8 36 28 
36 30 6 8 36 28 
36 6 50 20 56 56 
36 6 50 20 56 56 
36 6 51 51 15 45 
36 3 51 51 15 48 
36 3 8 33 36 28 
36 3 8 33 36 28 
36 3 53 20 56 56 
36 3 53 20 56 56 
36 3 20 16 33 36 
36 3 20 33 16 36 
36 3 20 33 36 16 
36 3 18 33 18 36 
36 3 18 33 18 36 
36 3 18 33 18 36 
36 3 16 20 33 36 
36 3 20 33 16 36 
36 3 20 33 36 16 
36 3 33 18 18 36 
36 3 33 18 18 36 
36 3 33 18 18 36 
36 3 33 8 36 28 
36 3 33 8 36 28 
36 3 33 8 36 28 
36 3 33 8 36 28 
36 31 51 51 20 15 
36 31 51 51 20 15 
36 31 20 25 56 56 
36 31 20 56 56 25 
36 31 20 25 56 56 
36 31 20 56 56 25 
36 47 55 8 55 19 
36 47 55 55 19 8 
36 47 55 55 19 8 
36 55 1 20 56 56 
36 55 1 20 56 56 
36 55 1 54 55 19 
36 55 29 26 55 19 
36 55 14 33 69 69 
36 55 33 14 69 69 
36 6 50 20 56 56 
36 6 50 20 56 56 
36 6 51 51 15 45 
36 50 51 1 51 15 
36 50 20 56 6 56 
36 50 20 56 6 56 
36 50 33 19 69 69 
36 51 26 51 15 25 
36 51 26 51 15 25 
36 51 51 18 33 15 
36 51 51 32 19 15 
36 51 51 33 15 18 
36 51 51 33 15 18 
36 51 51 33 15 18 
36 51 51 15 6 45 
36 51 18 33 69 69 
36 51 33 18 69 69 
36 51 33 18 69 69 
36 51 33 18 69 69 
36 1 68 33 69 69 
36 1 20 55 56 56 
36 1 20 55 56 56 
36 8 20 16 36 28 
36 8 20 16 36 28 
36 8 20 16 36 28 
36 8 20 16 36 28 
36 8 20 56 48 56 
36 8 20 36 28 16 
36 8 20 36 16 28 
36 8 18 18 36 28 
36 8 18 18 36 28 
36 8 18 18 36 28 
36 8 18 18 36 28 
36 8 18 18 36 28 
36 8 18 18 36 28 
36 8 16 20 36 28 
36 8 16 20 36 28 
36 8 20 16 36 28 
36 8 20 16 36 28 
36 8 20 56 48 56 
36 8 20 36 28 16 
36 8 20 36 16 28 
36 8 18 18 36 28 
36 8 18 18 36 28 
36 8 18 18 36 28 
36 8 18 18 36 28 
36 8 18 18 36 28 
36 8 18 18 36 28 
36 8 8 36 28 28 
36 8 8 36 28 28 
36 44 33 25 69 69 
36 44 33 25 69 69 
36 14 33 55 69 69 
36 53 16 33 69 69 
36 53 33 16 69 69 
36 53 33 69 16 69 
36 51 18 33 69 69 
36 51 33 18 69 69 
36 51 33 18 69 69 
36 51 33 18 69 69 
36 20 18 16 18 36 
36 20 18 16 18 36 
36 20 18 16 18 36 
36 20 18 16 18 36 
36 20 18 16 18 36 
36 20 18 16 18 36 
36 20 18 18 36 16 
36 20 18 18 36 16 
36 20 18 18 36 16 
36 20 16 20 16 36 
36 20 16 20 36 16 
36 20 16 18 18 36 
36 20 16 18 18 36 
36 20 16 18 18 36 
36 20 16 8 36 28 
36 20 16 8 36 28 
36 20 16 8 36 28 
36 20 16 8 36 28 
36 20 20 16 36 16 
36 20 20 56 56 36 
36 20 16 18 18 36 
36 20 16 18 18 36 
36 20 16 18 18 36 
36 20 16 8 36 28 
36 20 16 8 36 28 
36 20 16 8 36 28 
36 20 16 8 36 28 
36 20 18 18 36 16 
36 20 18 18 36 16 
36 20 56 48 56 8 
36 20 56 48 56 8 
36 20 56 56 28 28 
36 20 18 18 36 16 
36 20 8 36 28 16 
36 20 8 36 16 28 
36 20 8 36 28 16 
36 20 8 36 16 28 
36 18 16 20 18 36 
36 18 16 20 18 36 
36 18 16 20 18 36 
36 18 20 16 18 36 
36 18 20 16 18 36 
36 18 20 16 18 36 
36 18 20 18 36 16 
36 18 20 18 36 16 
36 18 20 18 36 16 
36 18 18 18 18 36 
36 18 18 8 36 28 
36 18 18 8 36 28 
36 18 18 8 36 28 
36 18 18 8 36 28 
36 18 18 8 36 28 
36 18 18 8 36 28 
36 18 18 8 36 28 
36 18 18 8 36 28 
36 18 18 8 36 28 
36 18 18 8 36 28 
36 18 18 8 36 28 
36 18 18 8 36 28 
36 16 20 18 18 36 
36 16 20 18 18 36 
36 16 20 18 18 36 
36 16 20 8 36 28 
36 16 20 8 36 28 
36 16 20 8 36 28 
36 16 20 8 36 28 
36 20 16 18 18 36 
36 20 16 18 18 36 
36 20 16 18 18 36 
36 20 16 8 36 28 
36 20 16 8 36 28 
36 20 16 8 36 28 
36 20 16 8 36 28 
36 20 18 18 36 16 
36 20 18 18 36 16 
36 20 56 48 56 8 
36 20 56 48 56 8 
36 20 56 56 28 28 
36 20 18 18 36 16 
36 20 8 36 28 16 
36 20 8 36 16 28 
36 20 8 36 28 16 
36 20 8 36 16 28 
36 54 33 15 69 69 
36 33 55 14 69 69 
36 33 13 56 69 69 
36 33 13 56 69 69 
36 18 18 8 36 28 
36 18 18 8 36 28 
36 18 18 8 36 28 
36 18 18 8 36 28 
36 18 18 8 36 28 
36 18 18 8 36 28 
36 18 18 8 36 28 
36 18 18 8 36 28 
36 18 18 8 36 28 
36 18 18 8 36 28 
36 18 18 8 36 28 
36 18 18 8 36 28 
36 8 8 36 28 28 
54 30 55 1 55 25 
54 30 55 1 55 25 
54 6 3 51 54 48 
54 6 3 51 54 48 
54 6 1 53 54 48 
54 6 29 54 25 48 
54 6 29 54 48 25 
54 6 26 54 48 28 
54 6 26 54 48 28 
54 6 20 54 48 34 
54 6 20 54 48 34 
54 6 18 54 48 36 
54 6 20 54 48 34 
54 6 20 54 48 34 
54 6 54 18 48 36 
54 6 54 18 48 36 
54 6 54 48 18 36 
54 3 6 51 54 48 
54 3 6 51 54 48 
54 3 51 1 53 54 
54 3 51 29 54 25 
54 3 51 29 54 25 
54 3 51 26 54 28 
54 3 51 26 54 28 
54 3 51 20 54 34 
54 3 51 20 54 34 
54 3 51 18 54 36 
54 3 51 20 54 34 
54 3 51 20 54 34 
54 3 51 54 18 36 
54 3 51 54 18 36 
54 3 51 54 6 48 
54 3 51 54 18 36 
54 3 1 53 51 54 
54 3 29 51 54 25 
54 3 29 51 54 25 
54 3 26 51 54 28 
54 3 26 51 54 28 
54 3 51 20 54 34 
54 3 51 20 54 34 
54 3 51 18 54 36 
54 3 51 20 54 34 
54 3 51 20 54 34 
54 3 51 54 18 36 
54 3 51 54 18 36 
54 3 51 54 6 48 
54 3 51 54 18 36 
54 47 55 1 8 55 
54 47 55 1 55 8 
54 47 55 1 55 8 
54 55 1 29 26 55 
54 55 1 55 19 36 
54 55 14 15 69 69 
54 55 15 14 69 69 
54 6 1 53 54 48 
54 6 29 54 25 48 
54 6 29 54 48 25 
54 6 26 54 48 28 
54 6 26 54 48 28 
54 6 20 54 48 34 
54 6 20 54 48 34 
54 6 18 54 48 36 
54 6 20 54 48 34 
54 6 20 54 48 34 
54 6 54 18 48 36 
54 6 54 18 48 36 
54 6 54 48 18 36 
54 50 19 15 69 69 
54 51 18 15 69 69 
54 51 15 18 69 69 
54 51 15 18 69 69 
54 51 15 18 69 69 
54 1 29 53 54 25 
54 1 29 53 54 25 
54 1 68 15 69 69 
54 1 26 53 54 28 
54 1 26 53 54 28 
54 1 53 20 54 34 
54 1 53 20 54 34 
54 1 53 18 54 36 
54 1 53 20 54 34 
54 1 53 20 54 34 
54 1 53 54 18 36 
54 1 53 54 18 36 
54 1 53 54 6 48 
54 1 53 54 18 36 
54 29 26 54 25 28 
54 29 26 54 25 28 
54 29 26 54 25 28 
54 29 26 54 25 28 
54 29 20 54 25 34 
54 29 20 54 25 34 
54 29 20 54 34 25 
54 29 20 54 25 34 
54 29 18 54 25 36 
54 29 18 54 25 36 
54 29 20 54 25 34 
54 29 20 54 25 34 
54 29 20 54 34 25 
54 29 20 54 25 34 
54 29 54 25 18 36 
54 29 54 25 18 36 
54 29 54 25 6 48 
54 29 54 25 18 36 
54 29 54 18 25 36 
54 29 54 18 25 36 
54 29 54 6 48 25 
54 29 54 18 25 36 
54 44 15 25 69 69 
54 44 15 25 69 69 
54 14 55 15 69 69 
54 26 20 54 34 28 
54 26 20 54 34 28 
54 26 20 54 34 28 
54 26 20 54 34 28 
54 26 18 54 36 28 
54 26 18 54 36 28 
54 26 20 54 34 28 
54 26 20 54 34 28 
54 26 20 54 34 28 
54 26 20 54 34 28 
54 26 54 18 36 28 
54 26 54 18 36 28 
54 26 54 18 36 28 
54 26 54 18 36 28 
54 26 54 6 48 28 
54 26 54 6 48 28 
54 26 54 18 36 28 
54 26 54 18 36 28 
54 53 16 15 69 69 
54 53 16 15 69 69 
54 53 15 69 16 69 
54 51 18 15 69 69 
54 51 15 18 69 69 
54 51 15 18 69 69 
54 51 15 18 69 69 
54 20 18 54 34 36 
54 20 18 54 34 36 
54 20 20 54 34 34 
54 20 54 18 34 36 
54 20 54 18 34 36 
54 20 54 18 34 36 
54 20 54 18 34 36 
54 20 54 6 48 34 
54 20 54 6 48 34 
54 20 54 18 34 36 
54 20 54 18 34 36 
54 18 20 54 34 36 
54 18 20 54 34 36 
54 18 54 6 48 36 
54 20 54 18 34 36 
54 20 54 18 34 36 
54 20 54 18 34 36 
54 20 54 18 34 36 
54 20 54 6 48 34 
54 20 54 6 48 34 
54 20 54 18 34 36 
54 20 54 18 34 36 
54 54 18 6 48 36 
54 54 18 6 48 36 
54 54 6 48 18 36 
54 33 15 69 36 69 
54 55 15 14 69 69 
54 15 13 56 69 69 
54 15 13 56 69 69 
30 6 50 26 56 56 
30 3 26 53 56 56 
30 31 26 25 56 56 
30 31 26 56 56 25 
30 47 55 8 55 25 
30 47 55 8 55 25 
30 47 55 55 25 8 
30 47 55 55 25 8 
30 47 55 55 25 8 
30 47 55 55 25 8 
30 55 1 26 56 56 
30 55 1 54 55 25 
30 55 1 54 55 25 
30 55 29 26 55 25 
30 55 29 26 55 25 
30 55 55 19 25 36 
30 55 55 19 25 36 
30 6 50 26 56 56 
30 50 26 56 6 56 
30 1 26 55 56 56 
30 8 26 56 48 56 
30 26 20 56 56 36 
30 26 20 56 56 36 
30 26 56 48 56 8 
30 26 56 48 56 8 
30 26 56 56 28 28 
6 3 31 34 34 28 
6 3 31 34 34 28 
6 3 50 53 56 56 
6 3 51 51 48 45 
6 31 50 25 56 56 
6 31 50 56 56 25 
6 31 51 51 20 45 
6 31 51 51 20 45 
6 55 50 1 56 56 
6 6 8 14 14 8 
6 6 8 14 14 8 
6 6 14 20 20 14 
6 6 14 14 8 8 
6 6 18 18 18 6 
6 6 18 18 6 18 
6 6 18 18 6 18 
6 6 18 18 6 18 
6 6 34 34 28 28 
6 50 51 1 51 45 
6 50 1 55 56 56 
6 50 8 56 48 56 
6 50 20 56 56 36 
6 50 20 56 56 36 
6 50 56 48 56 8 
6 50 56 48 56 8 
6 50 56 56 28 28 
6 51 26 51 25 45 
6 51 26 51 25 45 
6 51 51 18 33 45 
6 51 51 32 19 45 
6 51 51 33 18 45 
6 51 51 33 18 45 
6 51 51 33 18 45 
6 51 51 15 36 45 
6 1 8 14 13 14 
6 1 14 20 20 19 
6 1 14 13 14 8 
6 1 14 13 14 8 
6 1 20 20 19 14 
6 1 33 34 34 28 
6 1 33 34 34 28 
6 8 14 14 6 8 
6 8 14 14 6 8 
6 8 26 34 34 28 
6 8 26 34 34 28 
6 14 20 20 14 6 
6 14 20 34 34 28 
6 14 20 34 34 28 
6 14 20 34 34 28 
6 14 20 34 34 28 
6 14 14 6 8 8 
6 26 34 8 34 28 
6 26 34 8 34 28 
6 26 34 34 8 28 
6 26 34 34 8 28 
6 20 14 34 34 28 
6 20 14 34 34 28 
6 18 16 34 34 28 
6 18 16 34 34 28 
6 18 16 34 34 28 
6 18 16 34 34 28 
6 18 34 34 28 16 
6 18 34 34 16 28 
6 16 18 34 34 28 
6 16 18 34 34 28 
6 16 18 34 34 28 
6 16 18 34 34 28 
6 16 18 34 34 28 
6 16 18 34 34 28 
6 20 14 34 34 28 
6 20 14 34 34 28 
6 19 15 34 34 28 
6 19 15 34 34 28 
6 16 18 34 34 28 
6 16 18 34 34 28 
6 16 18 34 34 28 
6 16 18 34 34 28 
6 16 18 34 34 28 
6 16 18 34 34 28 
6 18 34 34 28 16 
6 18 34 34 16 28 
6 18 34 34 28 16 
6 18 34 34 16 28 
6 6 34 34 28 28 
6 18 34 34 28 16 
6 18 34 34 16 28 
3 31 6 34 34 28 
3 31 6 34 34 28 
3 31 51 51 20 48 
3 31 51 51 20 48 
3 31 1 33 34 34 
3 31 8 26 34 34 
3 31 14 20 34 34 
3 31 14 20 34 34 
3 31 26 34 8 34 
3 31 26 34 34 8 
3 31 53 25 56 56 
3 31 53 56 56 25 
3 31 20 14 34 34 
3 31 18 16 34 34 
3 31 18 16 34 34 
3 31 18 34 34 16 
3 31 16 18 34 34 
3 31 16 18 34 34 
3 31 16 18 34 34 
3 31 20 14 34 34 
3 31 19 15 34 34 
3 31 16 18 34 34 
3 31 16 18 34 34 
3 31 16 18 34 34 
3 31 18 34 34 16 
3 31 18 34 34 16 
3 31 6 34 34 28 
3 31 6 34 34 28 
3 31 18 34 34 16 
3 55 1 53 56 56 
3 6 50 53 56 56 
3 6 51 51 48 45 
3 50 51 1 51 48 
3 50 53 56 6 56 
3 51 26 51 25 48 
3 51 26 51 48 25 
3 51 51 18 33 48 
3 51 51 32 19 48 
3 51 51 33 18 48 
3 51 51 33 18 48 
3 51 51 33 48 18 
3 51 51 15 48 36 
3 51 51 6 48 45 
3 1 14 18 18 18 
3 1 14 18 18 18 
3 1 14 18 18 18 
3 1 14 18 18 18 
3 1 53 55 56 56 
3 1 18 18 14 18 
3 1 18 18 14 18 
3 1 18 14 18 18 
3 1 16 16 15 13 
3 1 16 15 13 16 
3 1 16 15 13 16 
3 1 18 14 18 18 
3 8 53 56 48 56 
3 8 20 25 28 28 
3 8 20 25 28 28 
3 8 16 16 13 8 
3 8 16 16 13 8 
3 8 16 13 8 16 
3 8 16 13 8 16 
3 8 20 25 28 28 
3 8 20 25 28 28 
3 8 16 13 8 16 
3 8 16 13 8 16 
3 14 25 14 28 28 
3 14 14 25 28 28 
3 53 20 56 56 36 
3 53 20 56 56 36 
3 53 56 48 56 8 
3 53 56 48 56 8 
3 53 56 56 28 28 
3 20 25 8 28 28 
3 20 25 8 28 28 
3 20 25 8 28 28 
3 20 25 8 28 28 
3 16 16 13 8 8 
3 16 13 8 8 16 
3 20 25 8 28 28 
3 20 25 8 28 28 
3 20 25 8 28 28 
3 20 25 8 28 28 
3 16 13 8 8 16 
3 15 25 13 28 28 
3 15 13 25 28 28 
31 55 1 25 56 56 
31 55 1 56 56 25 
31 6 50 25 56 56 
31 6 50 56 56 25 
31 6 51 51 20 45 
31 6 51 51 20 45 
31 50 51 1 51 20 
31 50 51 1 51 20 
31 50 25 56 6 56 
31 50 56 6 56 25 
31 51 26 51 20 25 
31 51 26 51 20 25 
31 51 26 51 20 25 
31 51 26 51 20 25 
31 51 51 20 18 33 
31 51 51 20 32 19 
31 51 51 20 33 18 
31 51 51 20 33 18 
31 51 51 20 33 18 
31 51 51 20 15 36 
31 51 51 20 6 45 
31 51 51 18 20 33 
31 51 51 32 20 19 
31 51 51 20 33 18 
31 51 51 20 33 18 
31 51 51 20 33 18 
31 51 51 20 15 36 
31 51 51 20 6 45 
31 1 55 25 56 56 
31 1 55 56 56 25 
31 8 25 56 48 56 
31 8 56 48 56 25 
31 20 25 56 56 36 
31 20 56 56 25 36 
31 20 25 56 56 36 
31 20 56 56 25 36 
31 25 56 48 56 8 
31 25 56 48 56 8 
31 25 56 56 28 28 
31 56 48 56 25 8 
31 56 48 56 25 8 
31 56 56 25 28 28 
47 55 1 8 54 55 
47 55 1 54 55 8 
47 55 1 54 55 8 
47 55 29 8 26 55 
47 55 29 26 55 8 
47 55 29 26 55 8 
47 55 8 55 19 36 
47 55 55 19 8 36 
47 55 55 19 8 36 
55 6 50 1 56 56 
55 50 1 56 6 56 
55 50 14 19 69 69 
55 50 19 14 69 69 
55 51 14 18 69 69 
55 51 14 18 69 69 
55 51 14 18 69 69 
55 51 14 18 69 69 
55 51 18 14 69 69 
55 51 18 14 69 69 
55 51 14 18 69 69 
55 51 14 18 69 69 
55 1 29 26 54 55 
55 1 8 56 48 56 
55 1 14 68 69 69 
55 1 68 14 69 69 
55 1 20 56 56 36 
55 1 20 56 56 36 
55 1 54 55 19 36 
55 1 56 48 56 8 
55 1 56 48 56 8 
55 1 56 56 28 28 
55 29 26 55 19 36 
55 44 14 25 69 69 
55 44 14 25 69 69 
55 44 25 14 69 69 
55 44 14 25 69 69 
55 14 53 16 69 69 
55 14 53 16 69 69 
55 14 53 69 16 69 
55 14 51 18 69 69 
55 14 51 18 69 69 
55 14 51 18 69 69 
55 14 51 18 69 69 
55 14 54 15 69 69 
55 14 33 69 36 69 
55 14 55 14 69 69 
55 14 13 56 69 69 
55 14 13 56 69 69 
55 53 16 14 69 69 
55 53 16 14 69 69 
55 53 14 69 16 69 
55 51 18 14 69 69 
55 51 18 14 69 69 
55 51 14 18 69 69 
55 51 14 18 69 69 
55 54 15 14 69 69 
55 33 14 69 36 69 
55 13 14 56 69 69 
55 13 14 56 69 69 
6 50 51 1 51 45 
6 50 1 55 56 56 
6 50 8 56 48 56 
6 50 20 56 56 36 
6 50 20 56 56 36 
6 50 56 48 56 8 
6 50 56 48 56 8 
6 50 56 56 28 28 
6 51 26 51 25 45 
6 51 26 51 25 45 
6 51 51 18 33 45 
6 51 51 32 19 45 
6 51 51 33 18 45 
6 51 51 33 18 45 
6 51 51 33 18 45 
6 51 51 15 36 45 
6 1 8 14 13 14 
6 1 14 20 20 19 
6 1 14 13 14 8 
6 1 14 13 14 8 
6 1 20 20 19 14 
6 1 33 34 34 28 
6 1 33 34 34 28 
6 8 14 14 6 8 
6 8 14 14 6 8 
6 8 26 34 34 28 
6 8 26 34 34 28 
6 14 20 20 14 6 
6 14 20 34 34 28 
6 14 20 34 34 28 
6 14 20 34 34 28 
6 14 20 34 34 28 
6 14 14 6 8 8 
6 26 34 8 34 28 
6 26 34 8 34 28 
6 26 34 34 8 28 
6 26 34 34 8 28 
6 20 14 34 34 28 
6 20 14 34 34 28 
6 18 16 34 34 28 
6 18 16 34 34 28 
6 18 16 34 34 28 
6 18 16 34 34 28 
6 18 34 34 28 16 
6 18 34 34 16 28 
6 16 18 34 34 28 
6 16 18 34 34 28 
6 16 18 34 34 28 
6 16 18 34 34 28 
6 16 18 34 34 28 
6 16 18 34 34 28 
6 20 14 34 34 28 
6 20 14 34 34 28 
6 19 15 34 34 28 
6 19 15 34 34 28 
6 16 18 34 34 28 
6 16 18 34 34 28 
6 16 18 34 34 28 
6 16 18 34 34 28 
6 16 18 34 34 28 
6 16 18 34 34 28 
6 18 34 34 28 16 
6 18 34 34 16 28 
6 18 34 34 28 16 
6 18 34 34 16 28 
6 6 34 34 28 28 
6 18 34 34 28 16 
6 18 34 34 16 28 
50 51 1 26 51 25 
50 51 1 26 51 25 
50 51 1 51 18 33 
50 51 1 51 32 19 
50 51 1 51 33 18 
50 51 1 51 33 18 
50 51 1 51 33 18 
50 51 1 51 15 36 
50 51 1 51 6 45 
50 51 18 19 69 69 
50 51 19 18 69 69 
50 51 19 18 69 69 
50 51 19 18 69 69 
50 1 68 19 69 69 
50 1 55 56 6 56 
50 8 56 6 48 56 
50 44 19 25 69 69 
50 44 19 25 69 69 
50 14 55 19 69 69 
50 53 16 19 69 69 
50 53 19 16 69 69 
50 53 19 69 16 69 
50 51 18 19 69 69 
50 51 19 18 69 69 
50 51 19 18 69 69 
50 51 19 18 69 69 
50 20 56 6 56 36 
50 20 56 6 56 36 
50 54 19 15 69 69 
50 33 19 69 36 69 
50 55 19 14 69 69 
50 19 13 56 69 69 
50 19 13 56 69 69 
50 56 6 48 56 8 
50 56 6 48 56 8 
50 56 6 56 28 28 
51 1 68 18 69 69 
51 1 68 18 69 69 
51 1 68 18 69 69 
51 1 68 18 69 69 
51 44 18 25 69 69 
51 44 18 25 69 69 
51 44 25 18 69 69 
51 44 25 18 69 69 
51 44 25 18 69 69 
51 44 18 25 69 69 
51 44 18 25 69 69 
51 44 18 25 69 69 
51 14 18 55 69 69 
51 14 55 18 69 69 
51 14 55 18 69 69 
51 14 55 18 69 69 
51 26 51 18 33 25 
51 26 51 18 33 25 
51 26 51 32 19 25 
51 26 51 32 19 25 
51 26 51 33 25 18 
51 26 51 33 25 18 
51 26 51 33 25 18 
51 26 51 33 18 25 
51 26 51 33 18 25 
51 26 51 33 18 25 
51 26 51 15 25 36 
51 26 51 15 25 36 
51 26 51 25 6 45 
51 26 51 6 25 45 
51 53 18 16 69 69 
51 53 18 16 69 69 
51 53 18 69 16 69 
51 53 16 18 69 69 
51 53 16 18 69 69 
51 53 16 18 69 69 
51 53 16 18 69 69 
51 53 16 18 69 69 
51 53 16 18 69 69 
51 53 18 69 16 69 
51 53 18 69 16 69 
51 53 18 69 16 69 
51 51 18 32 33 19 
51 51 18 33 15 36 
51 51 18 33 6 45 
51 51 18 18 69 69 
51 51 18 18 69 69 
51 51 18 18 69 69 
51 51 32 33 19 18 
51 51 32 33 19 18 
51 51 32 33 19 18 
51 51 32 19 15 36 
51 51 32 19 6 45 
51 51 33 15 18 36 
51 51 33 15 18 36 
51 51 33 15 18 36 
51 51 33 18 6 45 
51 51 33 18 6 45 
51 51 33 6 18 45 
51 51 15 6 36 45 
51 51 18 18 69 69 
51 51 18 18 69 69 
51 51 18 18 69 69 
51 18 54 15 69 69 
51 18 33 69 36 69 
51 18 55 14 69 69 
51 18 13 56 69 69 
51 18 13 56 69 69 
51 54 15 18 69 69 
51 54 15 18 69 69 
51 54 15 18 69 69 
51 33 18 69 36 69 
51 33 18 69 36 69 
51 33 18 69 36 69 
51 55 18 14 69 69 
51 55 14 18 69 69 
51 55 14 18 69 69 
51 18 13 56 69 69 
51 18 13 56 69 69 
51 13 56 18 69 69 
51 13 56 18 69 69 
51 13 18 56 69 69 
51 13 18 56 69 69 
1 8 14 13 14 6 
1 8 26 33 34 34 
1 8 16 16 15 8 
1 8 16 16 15 8 
1 8 16 15 8 16 
1 8 16 15 8 16 
1 8 55 56 48 56 
1 8 16 15 8 16 
1 8 16 15 8 16 
1 44 68 25 69 69 
1 44 68 25 69 69 
1 14 68 55 69 69 
1 14 20 20 19 6 
1 14 20 33 34 34 
1 14 20 33 34 34 
1 14 13 14 6 8 
1 14 13 14 6 8 
1 68 53 16 69 69 
1 68 53 16 69 69 
1 68 53 69 16 69 
1 68 51 18 69 69 
1 68 51 18 69 69 
1 68 51 18 69 69 
1 68 51 18 69 69 
1 68 54 15 69 69 
1 68 33 69 36 69 
1 68 55 14 69 69 
1 68 13 56 69 69 
1 68 13 56 69 69 
1 26 33 34 8 34 
1 26 33 34 34 8 
1 20 20 19 14 6 
1 20 33 14 34 34 
1 20 55 56 56 36 
1 18 16 33 34 34 
1 18 33 16 34 34 
1 18 33 34 34 16 
1 16 33 18 34 34 
1 16 33 18 34 34 
1 16 33 18 34 34 
1 16 16 15 8 8 
1 16 15 8 8 16 
1 20 33 14 34 34 
1 20 55 56 56 36 
1 33 19 15 34 34 
1 33 16 18 34 34 
1 33 16 18 34 34 
1 33 16 18 34 34 
1 33 18 34 34 16 
1 33 18 34 34 16 
1 33 6 34 34 28 
1 33 6 34 34 28 
1 33 18 34 34 16 
1 55 56 48 56 8 
1 55 56 48 56 8 
1 55 56 56 28 28 
1 16 15 8 8 16 
8 14 26 20 34 34 
8 14 26 20 34 34 
8 14 20 14 28 28 
8 14 20 14 28 28 
8 26 20 14 34 34 
8 26 18 16 34 34 
8 26 18 16 34 34 
8 26 18 34 34 16 
8 26 16 18 34 34 
8 26 16 18 34 34 
8 26 16 18 34 34 
8 26 20 14 34 34 
8 26 19 15 34 34 
8 26 16 18 34 34 
8 26 16 18 34 34 
8 26 16 18 34 34 
8 26 18 34 34 16 
8 26 18 34 34 16 
8 26 6 34 34 28 
8 26 6 34 34 28 
8 26 18 34 34 16 
8 20 20 8 28 28 
8 20 20 8 28 28 
8 20 15 13 28 28 
8 20 56 48 56 36 
8 20 15 13 28 28 
8 20 56 48 56 36 
8 56 48 56 28 28 
44 14 55 25 69 69 
44 14 55 25 69 69 
44 53 16 25 69 69 
44 53 16 25 69 69 
44 53 16 25 69 69 
44 53 16 25 69 69 
44 53 25 69 16 69 
44 53 25 69 16 69 
44 51 18 25 69 69 
44 51 18 25 69 69 
44 51 25 18 69 69 
44 51 25 18 69 69 
44 51 25 18 69 69 
44 51 18 25 69 69 
44 51 18 25 69 69 
44 51 18 25 69 69 
44 54 15 25 69 69 
44 54 15 25 69 69 
44 33 25 69 36 69 
44 33 25 69 36 69 
44 55 25 14 69 69 
44 55 14 25 69 69 
44 25 13 56 69 69 
44 25 13 56 69 69 
44 13 56 25 69 69 
44 13 56 25 69 69 
14 26 20 34 8 34 
14 26 20 34 34 8 
14 26 20 34 8 34 
14 26 20 34 34 8 
14 53 16 55 69 69 
14 53 55 16 69 69 
14 53 55 69 16 69 
14 51 18 55 69 69 
14 51 55 18 69 69 
14 51 55 18 69 69 
14 51 55 18 69 69 
14 20 18 16 34 34 
14 20 18 16 34 34 
14 20 18 34 34 16 
14 20 16 18 34 34 
14 20 16 18 34 34 
14 20 16 18 34 34 
14 20 20 14 34 34 
14 20 19 15 34 34 
14 20 16 18 34 34 
14 20 16 18 34 34 
14 20 16 18 34 34 
14 20 18 34 34 16 
14 20 14 8 28 28 
14 20 14 8 28 28 
14 20 18 34 34 16 
14 20 6 34 34 28 
14 20 6 34 34 28 
14 20 18 34 34 16 
14 18 16 20 34 34 
14 18 20 16 34 34 
14 18 20 34 34 16 
14 16 20 18 34 34 
14 16 20 18 34 34 
14 16 20 18 34 34 
14 20 19 15 34 34 
14 20 16 18 34 34 
14 20 16 18 34 34 
14 20 16 18 34 34 
14 20 18 34 34 16 
14 20 14 8 28 28 
14 20 14 8 28 28 
14 20 18 34 34 16 
14 20 6 34 34 28 
14 20 6 34 34 28 
14 20 18 34 34 16 
14 54 55 15 69 69 
14 33 55 69 36 69 
14 55 13 56 69 69 
14 55 13 56 69 69 
14 15 13 14 28 28 
26 20 14 34 8 34 
26 20 14 34 34 8 
26 18 16 34 8 34 
26 18 16 34 34 8 
26 18 16 34 8 34 
26 18 16 34 34 8 
26 18 34 8 34 16 
26 18 34 34 8 16 
26 16 18 34 8 34 
26 16 18 34 34 8 
26 16 18 34 8 34 
26 16 18 34 34 8 
26 16 18 34 8 34 
26 16 18 34 34 8 
26 20 14 34 8 34 
26 20 14 34 34 8 
26 19 15 34 8 34 
26 19 15 34 34 8 
26 16 18 34 8 34 
26 16 18 34 34 8 
26 16 18 34 8 34 
26 16 18 34 34 8 
26 16 18 34 8 34 
26 16 18 34 34 8 
26 18 34 8 34 16 
26 18 34 34 8 16 
26 18 34 8 34 16 
26 18 34 34 8 16 
26 6 34 8 34 28 
26 6 34 8 34 28 
26 6 34 34 8 28 
26 6 34 34 8 28 
26 18 34 8 34 16 
26 18 34 34 8 16 
53 51 18 16 69 69 
53 51 18 16 69 69 
53 51 18 69 16 69 
53 51 16 18 69 69 
53 51 16 18 69 69 
53 51 16 18 69 69 
53 51 16 18 69 69 
53 51 16 18 69 69 
53 51 16 18 69 69 
53 51 18 69 16 69 
53 51 18 69 16 69 
53 51 18 69 16 69 
53 16 54 15 69 69 
53 16 33 69 36 69 
53 16 55 14 69 69 
53 16 13 56 69 69 
53 16 13 56 69 69 
53 54 16 15 69 69 
53 54 15 69 16 69 
53 33 16 69 36 69 
53 33 69 36 16 69 
53 55 16 14 69 69 
53 55 14 69 16 69 
53 16 13 56 69 69 
53 16 13 56 69 69 
53 13 56 69 16 69 
53 13 56 69 16 69 
51 18 54 15 69 69 
51 18 33 69 36 69 
51 18 55 14 69 69 
51 18 13 56 69 69 
51 18 13 56 69 69 
51 54 15 18 69 69 
51 54 15 18 69 69 
51 54 15 18 69 69 
51 33 18 69 36 69 
51 33 18 69 36 69 
51 33 18 69 36 69 
51 55 18 14 69 69 
51 55 14 18 69 69 
51 55 14 18 69 69 
51 18 13 56 69 69 
51 18 13 56 69 69 
51 13 56 18 69 69 
51 13 56 18 69 69 
51 13 18 56 69 69 
51 13 18 56 69 69 
20 18 16 14 34 34 
20 18 16 14 34 34 
20 18 14 34 34 16 
20 16 18 14 34 34 
20 16 14 18 34 34 
20 16 14 18 34 34 
20 20 8 8 28 28 
20 19 15 14 34 34 
20 16 18 14 34 34 
20 16 14 18 34 34 
20 16 14 18 34 34 
20 15 13 8 28 28 
20 15 13 8 28 28 
20 18 14 34 34 16 
20 14 18 34 34 16 
20 14 6 34 34 28 
20 14 6 34 34 28 
20 14 18 34 34 16 
20 56 48 56 8 36 
20 56 48 56 8 36 
20 56 56 36 28 28 
18 16 20 14 34 34 
18 16 19 15 34 34 
18 16 16 18 34 34 
18 16 16 18 34 34 
18 16 16 18 34 34 
18 16 18 34 34 16 
18 16 18 34 34 16 
18 16 6 34 34 28 
18 16 6 34 34 28 
18 16 18 34 34 16 
18 20 16 14 34 34 
18 20 14 34 34 16 
18 19 16 15 34 34 
18 19 15 34 34 16 
18 16 18 34 34 16 
18 16 18 34 34 16 
18 16 6 34 34 28 
18 16 6 34 34 28 
18 16 18 34 34 16 
18 6 34 34 28 16 
18 6 34 34 16 28 
16 20 18 14 34 34 
16 20 14 18 34 34 
16 20 14 18 34 34 
16 19 15 18 34 34 
16 19 15 18 34 34 
16 19 15 18 34 34 
16 16 18 18 34 34 
16 16 18 18 34 34 
16 16 18 18 34 34 
16 18 18 34 34 16 
16 18 6 34 34 28 
16 18 6 34 34 28 
16 18 18 34 34 16 
16 18 6 34 34 28 
16 18 6 34 34 28 
16 18 18 34 34 16 
16 6 18 34 34 28 
16 6 18 34 34 28 
20 19 15 14 34 34 
20 16 18 14 34 34 
20 16 14 18 34 34 
20 16 14 18 34 34 
20 15 13 8 28 28 
20 15 13 8 28 28 
20 18 14 34 34 16 
20 14 18 34 34 16 
20 14 6 34 34 28 
20 14 6 34 34 28 
20 14 18 34 34 16 
20 56 48 56 8 36 
20 56 48 56 8 36 
20 56 56 36 28 28 
54 33 15 69 36 69 
54 55 15 14 69 69 
54 15 13 56 69 69 
54 15 13 56 69 69 
33 55 14 69 36 69 
33 13 56 69 36 69 
33 13 56 69 36 69 
55 13 14 56 69 69 
55 13 14 56 69 69 
19 16 15 18 34 34 
19 16 15 18 34 34 
19 16 15 18 34 34 
19 15 18 34 34 16 
19 15 18 34 34 16 
19 15 6 34 34 28 
19 15 6 34 34 28 
19 15 18 34 34 16 
16 18 18 34 34 16 
16 18 6 34 34 28 
16 18 6 34 34 28 
16 18 18 34 34 16 
16 18 6 34 34 28 
16 18 6 34 34 28 
16 18 18 34 34 16 
16 6 18 34 34 28 
16 6 18 34 34 28 
18 6 34 34 28 16 
18 6 34 34 16 28 
56 48 56 8 28 28 
56 48 56 8 28 28 
18 6 34 34 28 16 
18 6 34 34 16 28 
6 18 34 34 28 16 
6 18 34 34 16 28 
Squares number: 4768
===========================================
Algorithm time: 2.5392
