[0]: 35
[1]: 38
[2]: 25
[3]: 3
[4]: 24
[5]: 28
[6]: 59
[7]: 8
[8]: 59
[9]: 20
[10]: 18
[11]: 36
[12]: 26
[13]: 28
[14]: 50
[15]: 13
[16]: 19
[17]: 55
[18]: 56
[19]: 53
[20]: 46
[21]: 20
[22]: 44
[23]: 15
[24]: 44
[25]: 30
[26]: 36
[27]: 63
[28]: 45
[29]: 27
[30]: 65
[31]: 16
[32]: 64
[33]: 26
[34]: 20
[35]: 22
[36]: 55
[37]: 13
[38]: 31
[39]: 50
[40]: 35
[41]: 48
[42]: 20
[43]: 60
[44]: 11
[45]: 6
[46]: 9
[47]: 29
[48]: 60
[49]: 65
[50]: 18
[51]: 42
[52]: 21
[53]: 62
[54]: 59
[55]: 64
[56]: 28
[57]: 29
[58]: 61
[59]: 9
[60]: 57
[61]: 62
[62]: 24
[63]: 58
[64]: 23
===========================================
35 38 25 22 60 60 
35 38 24 59 59 21 
35 38 24 59 21 59 
35 38 24 59 21 59 
35 38 24 27 62 62 
35 38 59 59 21 24 
35 38 59 21 59 24 
35 38 59 21 59 24 
35 38 26 64 29 64 
35 38 26 64 64 29 
35 38 44 44 6 9 
35 38 44 44 6 9 
35 38 30 27 65 65 
35 38 27 62 62 24 
35 38 64 26 29 64 
35 38 64 26 64 29 
35 25 3 60 60 57 
35 25 24 36 60 60 
35 25 24 36 60 60 
35 25 20 55 30 55 
35 25 18 60 60 42 
35 25 36 60 60 24 
35 25 19 44 44 9 
35 25 19 44 44 9 
35 25 55 20 30 55 
35 25 55 30 20 55 
35 25 55 30 55 20 
35 25 44 16 60 60 
35 25 15 45 60 60 
35 25 44 16 60 60 
35 25 36 60 60 24 
35 25 31 60 29 60 
35 25 31 60 60 29 
35 25 60 60 18 42 
35 3 24 59 59 56 
35 3 24 59 56 59 
35 3 24 59 56 59 
35 3 59 59 56 24 
35 3 59 59 21 59 
35 3 59 56 59 24 
35 3 59 27 62 62 
35 3 59 56 59 24 
35 3 59 27 62 62 
35 3 30 65 65 62 
35 3 30 65 65 62 
35 3 27 62 59 62 
35 3 64 29 64 61 
35 3 64 64 29 61 
35 24 28 59 59 31 
35 24 28 59 31 59 
35 24 28 59 31 59 
35 24 59 59 36 23 
35 24 59 59 28 31 
35 24 59 59 50 9 
35 24 59 59 50 9 
35 24 59 59 13 46 
35 24 59 59 53 6 
35 24 59 59 46 13 
35 24 59 59 44 15 
35 24 59 59 15 44 
35 24 59 59 30 29 
35 24 59 59 30 29 
35 24 59 59 36 23 
35 24 59 59 31 28 
35 24 59 59 50 9 
35 24 59 59 50 9 
35 24 59 59 35 24 
35 24 59 59 48 11 
35 24 59 36 59 23 
35 24 59 28 31 59 
35 24 59 50 9 59 
35 24 59 50 59 9 
35 24 59 13 46 59 
35 24 59 53 6 59 
35 24 59 46 13 59 
35 24 59 44 15 59 
35 24 59 15 44 59 
35 24 59 30 29 59 
35 24 59 30 59 29 
35 24 59 36 59 23 
35 24 59 31 59 28 
35 24 59 50 9 59 
35 24 59 50 59 9 
35 24 59 35 59 24 
35 24 59 48 11 59 
35 24 8 27 35 11 
35 24 59 36 59 23 
35 24 59 28 31 59 
35 24 59 50 9 59 
35 24 59 50 59 9 
35 24 59 13 46 59 
35 24 59 53 6 59 
35 24 59 46 13 59 
35 24 59 44 15 59 
35 24 59 15 44 59 
35 24 59 30 29 59 
35 24 59 30 59 29 
35 24 59 36 59 23 
35 24 59 31 59 28 
35 24 59 50 9 59 
35 24 59 50 59 9 
35 24 59 35 59 24 
35 24 59 48 11 59 
35 24 20 55 55 31 
35 24 20 44 44 9 
35 24 20 44 44 9 
35 24 20 15 35 11 
35 24 26 50 15 50 
35 24 26 35 11 9 
35 24 26 35 11 9 
35 24 50 15 26 50 
35 24 13 22 35 11 
35 24 19 16 35 11 
35 24 55 20 55 31 
35 24 55 20 55 31 
35 24 55 55 31 20 
35 24 20 44 44 9 
35 24 20 44 44 9 
35 24 20 15 35 11 
35 24 44 44 20 9 
35 24 44 44 20 9 
35 24 44 44 20 9 
35 24 44 44 20 9 
35 24 15 20 35 11 
35 24 15 35 20 11 
35 24 26 35 11 9 
35 24 26 35 11 9 
35 24 22 13 35 11 
35 24 35 11 6 29 
35 24 35 11 6 29 
35 28 59 59 31 24 
35 28 59 31 59 24 
35 28 59 31 59 24 
35 28 20 55 27 55 
35 28 36 64 29 64 
35 28 36 64 64 29 
35 28 50 15 22 50 
35 28 55 20 27 55 
35 28 55 27 20 55 
35 28 55 27 55 20 
35 28 44 44 16 9 
35 28 44 44 16 9 
35 28 36 64 29 64 
35 28 36 64 64 29 
35 59 8 59 16 59 
35 59 59 18 6 59 
35 59 59 36 24 23 
35 59 59 28 31 24 
35 59 59 50 9 24 
35 59 59 50 9 24 
35 59 59 13 46 24 
35 59 59 13 11 59 
35 59 59 53 6 24 
35 59 59 46 13 24 
35 59 59 44 15 24 
35 59 59 15 44 24 
35 59 59 15 9 59 
35 59 59 15 59 9 
35 59 59 30 29 24 
35 59 59 30 29 24 
35 59 59 36 24 23 
35 59 59 13 11 59 
35 59 59 31 28 24 
35 59 59 50 9 24 
35 59 59 50 9 24 
35 59 59 48 11 24 
35 59 59 6 18 59 
35 59 36 59 24 23 
35 59 28 31 59 24 
35 59 50 9 59 24 
35 59 50 59 9 24 
35 59 13 46 59 24 
35 59 53 6 59 24 
35 59 46 13 59 24 
35 59 44 15 59 24 
35 59 15 44 59 24 
35 59 30 65 6 65 
35 59 30 29 59 24 
35 59 30 59 29 24 
35 59 36 59 24 23 
35 59 31 59 28 24 
35 59 50 9 59 24 
35 59 50 59 9 24 
35 59 48 11 59 24 
35 8 20 15 27 35 
35 8 36 44 44 9 
35 8 36 44 44 9 
35 8 26 27 35 9 
35 8 26 27 35 9 
35 8 50 15 50 42 
35 8 13 27 22 35 
35 8 19 27 16 35 
35 8 56 64 29 64 
35 8 56 64 64 29 
35 8 20 15 27 35 
35 8 44 44 36 9 
35 8 44 44 36 9 
35 8 15 27 20 35 
35 8 15 27 35 20 
35 8 30 65 65 57 
35 8 27 26 35 9 
35 8 27 26 35 9 
35 8 27 22 13 35 
35 8 27 35 11 24 
35 8 27 35 6 29 
35 8 27 35 6 29 
35 59 36 59 24 23 
35 59 28 31 59 24 
35 59 50 9 59 24 
35 59 50 59 9 24 
35 59 13 46 59 24 
35 59 53 6 59 24 
35 59 46 13 59 24 
35 59 44 15 59 24 
35 59 15 44 59 24 
35 59 30 65 6 65 
35 59 30 29 59 24 
35 59 30 59 29 24 
35 59 36 59 24 23 
35 59 31 59 28 24 
35 59 50 9 59 24 
35 59 50 59 9 24 
35 59 48 11 59 24 
35 20 36 19 55 55 
35 20 26 55 55 29 
35 20 26 55 55 29 
35 20 26 15 35 9 
35 20 26 15 35 9 
35 20 28 55 27 55 
35 20 50 15 30 50 
35 20 13 55 55 42 
35 20 13 15 22 35 
35 20 19 55 36 55 
35 20 19 15 16 35 
35 20 55 46 55 9 
35 20 55 46 55 9 
35 20 55 20 55 35 
35 20 55 44 55 11 
35 20 55 44 55 11 
35 20 55 27 55 28 
35 20 55 26 55 29 
35 20 55 26 55 29 
35 20 55 20 55 35 
35 20 55 55 13 42 
35 20 55 55 31 24 
35 20 55 55 35 20 
35 20 44 44 9 24 
35 20 44 44 9 24 
35 20 44 64 29 64 
35 20 44 64 64 29 
35 20 15 26 35 9 
35 20 15 26 35 9 
35 20 15 22 13 35 
35 20 15 35 11 24 
35 20 15 35 6 29 
35 20 15 35 6 29 
35 20 44 64 29 64 
35 20 44 64 64 29 
35 20 30 45 65 65 
35 20 27 42 62 62 
35 18 26 44 44 9 
35 18 26 44 44 9 
35 18 46 64 29 64 
35 18 46 64 64 29 
35 18 44 44 26 9 
35 18 44 44 26 9 
35 18 44 27 62 62 
35 18 44 27 62 62 
35 36 26 27 62 62 
35 36 28 64 29 64 
35 36 28 64 64 29 
35 36 19 55 20 55 
35 36 19 55 20 55 
35 36 19 55 55 20 
35 36 30 65 29 65 
35 36 30 65 65 29 
35 36 27 26 62 62 
35 36 64 29 64 28 
35 36 64 64 28 29 
35 26 50 15 50 24 
35 26 13 22 35 9 
35 26 13 22 35 9 
35 26 19 16 35 9 
35 26 19 16 35 9 
35 26 55 20 55 29 
35 26 55 20 55 29 
35 26 55 20 55 29 
35 26 55 20 55 29 
35 26 55 55 20 29 
35 26 55 55 20 29 
35 26 20 15 35 9 
35 26 20 15 35 9 
35 26 44 44 9 18 
35 26 44 44 18 9 
35 26 15 20 35 9 
35 26 15 20 35 9 
35 26 15 35 20 9 
35 26 15 35 20 9 
35 26 36 27 62 62 
35 26 26 35 9 9 
35 26 22 13 35 9 
35 26 22 13 35 9 
35 26 35 11 9 24 
35 26 35 11 9 24 
35 26 35 6 9 29 
35 26 35 6 9 29 
35 26 35 6 29 9 
35 26 35 6 29 9 
35 28 50 15 22 50 
35 28 55 20 27 55 
35 28 55 27 20 55 
35 28 55 27 55 20 
35 28 44 44 16 9 
35 28 44 44 16 9 
35 28 36 64 29 64 
35 28 36 64 64 29 
35 50 19 15 31 50 
35 50 20 15 30 50 
35 50 44 15 50 6 
35 50 15 44 50 6 
35 50 15 30 65 65 
35 50 15 30 20 50 
35 50 15 30 50 20 
35 50 15 27 50 23 
35 50 15 26 50 24 
35 50 15 22 50 28 
35 50 15 50 29 21 
35 50 15 50 21 29 
35 13 19 16 22 35 
35 13 55 20 55 42 
35 13 55 20 55 42 
35 13 55 55 20 42 
35 13 20 15 22 35 
35 13 44 44 31 9 
35 13 44 44 31 9 
35 13 15 20 22 35 
35 13 15 22 35 20 
35 13 26 22 35 9 
35 13 26 22 35 9 
35 13 22 35 11 24 
35 13 22 35 6 29 
35 13 22 35 6 29 
35 19 55 20 36 55 
35 19 55 36 20 55 
35 19 55 36 55 20 
35 19 46 30 65 65 
35 19 20 15 16 35 
35 19 15 16 20 35 
35 19 15 16 35 20 
35 19 45 64 29 64 
35 19 45 64 64 29 
35 19 16 26 35 9 
35 19 16 26 35 9 
35 19 16 22 13 35 
35 19 16 35 11 24 
35 19 16 35 6 29 
35 19 16 35 6 29 
35 55 46 20 55 9 
35 55 46 20 55 9 
35 55 46 20 55 9 
35 55 46 20 55 9 
35 55 46 55 20 9 
35 55 46 55 20 9 
35 55 20 44 55 11 
35 55 20 44 55 11 
35 55 20 27 55 28 
35 55 20 26 55 29 
35 55 20 26 55 29 
35 55 20 20 55 35 
35 55 20 55 13 42 
35 55 20 55 31 24 
35 55 20 55 35 20 
35 55 44 20 55 11 
35 55 44 55 20 11 
35 55 44 20 55 11 
35 55 44 55 20 11 
35 55 27 20 55 28 
35 55 27 55 20 28 
35 55 64 9 29 64 
35 55 64 9 64 29 
35 55 64 29 64 9 
35 55 64 64 29 9 
35 55 26 20 55 29 
35 55 26 20 55 29 
35 55 26 55 20 29 
35 55 26 55 20 29 
35 55 20 55 13 42 
35 55 20 55 31 24 
35 55 20 55 35 20 
35 55 55 13 20 42 
35 55 55 31 20 24 
35 56 30 65 9 65 
35 56 30 65 65 9 
35 56 27 6 62 62 
35 53 27 9 62 62 
35 53 27 62 9 62 
35 53 64 11 29 64 
35 53 64 11 64 29 
35 46 27 16 62 62 
35 46 64 29 18 64 
35 46 64 18 64 29 
35 20 44 44 9 24 
35 20 44 44 9 24 
35 20 44 64 29 64 
35 20 44 64 64 29 
35 20 15 26 35 9 
35 20 15 26 35 9 
35 20 15 22 13 35 
35 20 15 35 11 24 
35 20 15 35 6 29 
35 20 15 35 6 29 
35 20 44 64 29 64 
35 20 44 64 64 29 
35 20 30 45 65 65 
35 20 27 42 62 62 
35 44 15 44 9 29 
35 44 15 44 9 29 
35 44 15 44 29 9 
35 44 15 44 29 9 
35 44 44 16 9 28 
35 44 44 16 28 9 
35 44 44 26 9 18 
35 44 44 26 18 9 
35 44 44 20 9 24 
35 44 44 20 9 24 
35 44 44 13 31 9 
35 44 44 13 31 9 
35 44 44 35 9 9 
35 44 44 20 9 24 
35 44 44 20 9 24 
35 44 44 9 21 23 
35 44 44 21 9 23 
35 44 30 65 65 21 
35 44 27 18 62 62 
35 44 64 20 29 64 
35 44 64 20 64 29 
35 44 64 20 29 64 
35 44 64 20 64 29 
35 15 30 65 50 65 
35 15 26 20 35 9 
35 15 26 20 35 9 
35 15 26 35 20 9 
35 15 26 35 20 9 
35 15 20 22 13 35 
35 15 20 35 11 24 
35 15 20 35 6 29 
35 15 20 35 6 29 
35 15 22 13 35 20 
35 15 35 20 11 24 
35 15 35 20 6 29 
35 15 35 20 6 29 
35 44 30 65 65 21 
35 44 27 18 62 62 
35 44 64 20 29 64 
35 44 64 20 64 29 
35 44 64 20 29 64 
35 44 64 20 64 29 
35 30 36 65 29 65 
35 30 36 65 65 29 
35 30 45 65 20 65 
35 30 45 65 20 65 
35 30 65 6 65 59 
35 30 65 65 42 23 
35 36 27 26 62 62 
35 36 64 29 64 28 
35 36 64 64 28 29 
35 27 20 42 62 62 
35 27 20 42 62 62 
35 16 64 48 29 64 
35 16 64 48 64 29 
35 64 22 29 42 64 
35 64 22 42 64 29 
35 64 55 9 29 64 
35 64 55 9 64 29 
35 64 55 29 64 9 
35 64 55 64 29 9 
35 64 35 29 64 29 
35 64 6 29 64 58 
35 64 6 64 29 58 
35 26 22 13 35 9 
35 26 22 13 35 9 
35 26 35 11 9 24 
35 26 35 11 9 24 
35 26 35 6 9 29 
35 26 35 6 9 29 
35 26 35 6 29 9 
35 26 35 6 29 9 
35 22 13 35 11 24 
35 22 13 35 6 29 
35 22 13 35 6 29 
35 35 11 6 29 24 
35 35 11 6 29 24 
38 25 19 44 44 6 
38 25 22 35 60 60 
38 3 24 59 62 62 
38 3 24 59 62 62 
38 3 24 62 59 62 
38 3 59 59 18 59 
38 3 59 59 56 21 
38 3 59 59 18 59 
38 3 59 56 21 59 
38 3 59 62 62 24 
38 3 59 56 21 59 
38 3 59 62 62 24 
38 3 26 64 64 61 
38 3 27 65 65 62 
38 3 27 65 65 62 
38 3 64 26 64 61 
38 3 22 60 60 57 
38 3 62 59 62 24 
38 24 59 59 35 21 
38 24 59 35 21 59 
38 24 59 35 21 59 
38 24 20 44 44 6 
38 24 20 42 62 62 
38 24 18 44 62 62 
38 24 18 44 62 62 
38 24 36 26 62 62 
38 24 36 26 62 62 
38 24 36 22 60 60 
38 24 26 36 62 62 
38 24 56 6 62 62 
38 24 53 9 62 62 
38 24 53 62 9 62 
38 24 46 16 62 62 
38 24 20 44 44 6 
38 24 20 42 62 62 
38 24 44 44 20 6 
38 24 44 44 20 6 
38 24 44 18 62 62 
38 24 44 18 62 62 
38 24 36 26 62 62 
38 24 36 22 60 60 
38 24 27 35 62 62 
38 24 20 42 62 62 
38 24 20 42 62 62 
38 28 59 59 31 21 
38 28 59 31 21 59 
38 28 59 31 21 59 
38 28 36 26 64 64 
38 28 36 64 26 64 
38 28 26 36 64 64 
38 28 44 44 16 6 
38 28 36 64 26 64 
38 59 8 59 13 59 
38 59 8 59 13 59 
38 59 59 36 21 23 
38 59 59 28 31 21 
38 59 59 50 9 21 
38 59 59 50 21 9 
38 59 59 13 46 21 
38 59 59 53 6 21 
38 59 59 46 13 21 
38 59 59 44 15 21 
38 59 59 15 44 21 
38 59 59 15 6 59 
38 59 59 30 29 21 
38 59 59 30 21 29 
38 59 59 36 21 23 
38 59 59 31 21 28 
38 59 59 50 9 21 
38 59 59 50 21 9 
38 59 59 35 21 24 
38 59 59 48 11 21 
38 59 36 21 59 23 
38 59 28 31 21 59 
38 59 50 9 21 59 
38 59 50 21 59 9 
38 59 13 46 21 59 
38 59 53 6 21 59 
38 59 46 13 21 59 
38 59 44 15 21 59 
38 59 15 44 21 59 
38 59 30 29 21 59 
38 59 30 21 59 29 
38 59 36 21 59 23 
38 59 27 65 6 65 
38 59 31 21 59 28 
38 59 50 9 21 59 
38 59 50 21 59 9 
38 59 35 21 59 24 
38 59 48 11 21 59 
38 8 36 44 44 6 
38 8 26 56 64 64 
38 8 56 64 26 64 
38 8 44 44 36 6 
38 8 27 65 65 57 
38 59 36 21 59 23 
38 59 28 31 21 59 
38 59 50 9 21 59 
38 59 50 21 59 9 
38 59 13 46 21 59 
38 59 53 6 21 59 
38 59 46 13 21 59 
38 59 44 15 21 59 
38 59 15 44 21 59 
38 59 30 29 21 59 
38 59 30 21 59 29 
38 59 36 21 59 23 
38 59 27 65 6 65 
38 59 31 21 59 28 
38 59 50 9 21 59 
38 59 50 21 59 9 
38 59 35 21 59 24 
38 59 48 11 21 59 
38 20 26 44 64 64 
38 20 26 44 64 64 
38 20 44 44 6 24 
38 20 44 64 26 64 
38 20 44 64 26 64 
38 20 45 27 65 65 
38 20 42 62 62 24 
38 18 26 46 64 64 
38 18 26 44 44 6 
38 18 46 64 26 64 
38 18 44 44 26 6 
38 18 44 62 62 24 
38 18 44 62 62 24 
38 18 22 60 60 42 
38 36 26 28 64 64 
38 36 26 64 64 28 
38 36 26 62 62 24 
38 36 28 64 26 64 
38 36 27 65 29 65 
38 36 27 65 65 29 
38 36 64 26 64 28 
38 36 26 62 62 24 
38 36 22 60 60 24 
38 26 28 36 64 64 
38 26 19 45 64 64 
38 26 55 64 9 64 
38 26 55 64 64 9 
38 26 53 64 11 64 
38 26 46 64 18 64 
38 26 20 44 64 64 
38 26 20 44 64 64 
38 26 44 44 6 18 
38 26 44 64 20 64 
38 26 44 64 20 64 
38 26 44 64 20 64 
38 26 44 64 20 64 
38 26 36 64 64 28 
38 26 36 62 62 24 
38 26 16 64 48 64 
38 26 64 22 42 64 
38 26 64 55 9 64 
38 26 64 55 64 9 
38 26 64 35 29 64 
38 26 64 35 64 29 
38 26 64 6 64 58 
38 28 44 44 16 6 
38 28 36 64 26 64 
38 50 15 27 65 65 
38 13 44 44 31 6 
38 19 46 27 65 65 
38 19 45 64 26 64 
38 55 64 26 9 64 
38 55 64 26 64 9 
38 56 27 65 9 65 
38 56 27 65 65 9 
38 56 6 62 62 24 
38 53 64 26 11 64 
38 53 9 62 62 24 
38 53 62 9 62 24 
38 46 16 62 62 24 
38 46 64 26 18 64 
38 20 44 44 6 24 
38 20 44 64 26 64 
38 20 44 64 26 64 
38 20 45 27 65 65 
38 20 42 62 62 24 
38 44 15 44 6 29 
38 44 15 44 6 29 
38 44 44 16 6 28 
38 44 44 26 6 18 
38 44 44 20 6 24 
38 44 44 13 31 6 
38 44 44 35 6 9 
38 44 44 35 6 9 
38 44 44 20 6 24 
38 44 44 6 21 23 
38 44 27 65 65 21 
38 44 16 22 60 60 
38 44 64 26 20 64 
38 44 64 26 20 64 
38 44 18 62 62 24 
38 15 45 22 60 60 
38 15 27 65 50 65 
38 44 27 65 65 21 
38 44 16 22 60 60 
38 44 64 26 20 64 
38 44 64 26 20 64 
38 44 18 62 62 24 
38 30 27 65 35 65 
38 36 27 65 29 65 
38 36 27 65 65 29 
38 36 64 26 64 28 
38 36 26 62 62 24 
38 36 22 60 60 24 
38 45 27 65 20 65 
38 45 27 65 20 65 
38 27 65 6 65 59 
38 27 65 65 42 23 
38 27 35 62 62 24 
38 16 64 26 48 64 
38 64 26 22 42 64 
38 64 26 55 9 64 
38 64 26 55 64 9 
38 64 26 35 29 64 
38 64 26 35 64 29 
38 64 26 6 64 58 
38 20 42 62 62 24 
38 22 31 60 29 60 
38 22 31 60 60 29 
38 22 60 60 18 42 
38 20 42 62 62 24 
25 3 28 8 20 28 
25 3 28 8 20 28 
25 3 28 8 28 20 
25 3 28 8 28 20 
25 3 28 8 28 20 
25 3 28 8 20 28 
25 3 28 8 20 28 
25 3 28 8 20 28 
25 3 28 28 13 15 
25 3 28 28 19 9 
25 3 28 28 19 9 
25 3 28 28 15 13 
25 3 28 28 22 6 
25 3 28 13 15 28 
25 3 28 19 9 28 
25 3 28 19 28 9 
25 3 28 15 13 28 
25 3 28 22 6 28 
25 3 59 59 31 59 
25 3 8 20 28 28 
25 3 8 28 20 28 
25 3 8 28 20 28 
25 3 8 28 20 28 
25 3 28 13 15 28 
25 3 28 19 9 28 
25 3 28 19 28 9 
25 3 28 15 13 28 
25 3 28 22 6 28 
25 3 35 60 60 57 
25 24 20 19 44 44 
25 24 36 35 60 60 
25 24 19 20 44 44 
25 24 19 44 44 20 
25 24 19 44 44 20 
25 24 55 30 55 31 
25 24 36 35 60 60 
25 28 59 59 6 59 
25 28 8 36 36 11 
25 28 19 44 44 16 
25 28 55 30 27 55 
25 59 8 59 26 59 
25 59 8 59 26 59 
25 59 59 18 16 59 
25 59 59 28 6 59 
25 59 59 13 21 59 
25 59 59 19 15 59 
25 59 59 16 18 59 
25 59 59 13 21 59 
25 59 59 11 59 23 
25 59 59 6 59 28 
25 8 36 28 36 11 
25 8 36 19 44 44 
25 8 36 36 11 28 
25 8 19 44 44 36 
25 20 36 36 16 11 
25 20 19 44 44 24 
25 20 55 30 55 35 
25 18 36 36 11 18 
25 18 26 19 44 44 
25 18 19 44 44 26 
25 18 35 60 60 42 
25 36 13 36 11 23 
25 36 19 55 30 55 
25 36 20 36 16 11 
25 36 15 36 11 21 
25 36 30 36 11 6 
25 36 36 27 11 9 
25 36 36 27 11 9 
25 36 36 16 20 11 
25 36 36 16 20 11 
25 36 36 13 11 23 
25 36 35 60 60 24 
25 26 19 44 44 18 
25 26 55 30 55 29 
25 26 55 30 55 29 
25 28 19 44 44 16 
25 28 55 30 27 55 
25 13 19 44 44 31 
25 13 55 30 55 42 
25 19 55 30 36 55 
25 19 20 44 44 24 
25 19 44 15 44 29 
25 19 44 15 44 29 
25 19 44 44 16 28 
25 19 44 44 26 18 
25 19 44 44 20 24 
25 19 44 44 13 31 
25 19 44 44 35 9 
25 19 44 44 35 9 
25 19 44 44 20 24 
25 19 44 44 21 23 
25 55 46 30 55 9 
25 55 46 30 55 9 
25 55 20 30 55 35 
25 55 44 30 55 11 
25 55 44 30 55 11 
25 55 30 27 55 28 
25 55 30 26 55 29 
25 55 30 26 55 29 
25 55 30 20 55 35 
25 55 30 55 13 42 
25 55 30 55 31 24 
25 55 30 55 35 20 
25 44 16 35 60 60 
25 15 45 35 60 60 
25 44 16 35 60 60 
25 36 35 60 60 24 
25 31 35 60 29 60 
25 31 35 60 60 29 
25 35 60 60 18 42 
3 24 59 59 56 35 
3 24 59 56 35 59 
3 24 8 16 21 24 
3 24 59 56 35 59 
3 24 18 6 21 24 
3 24 36 60 60 57 
3 24 13 11 21 24 
3 24 15 9 21 24 
3 24 15 21 9 24 
3 24 36 60 60 57 
3 24 13 11 21 24 
3 24 6 18 21 24 
3 28 59 59 28 59 
3 28 59 59 56 31 
3 28 59 59 59 28 
3 28 59 56 31 59 
3 28 59 56 31 59 
3 28 36 64 64 61 
3 28 28 19 6 28 
3 28 28 16 9 28 
3 28 28 16 28 9 
3 28 36 64 64 61 
3 59 8 59 48 59 
3 59 59 20 36 59 
3 59 59 20 36 59 
3 59 59 36 56 23 
3 59 59 36 20 59 
3 59 59 36 20 59 
3 59 59 36 20 59 
3 59 59 26 30 59 
3 59 59 28 56 31 
3 59 59 28 59 28 
3 59 59 50 56 9 
3 59 59 50 56 9 
3 59 59 50 6 59 
3 59 59 13 56 46 
3 59 59 56 53 6 
3 59 59 56 46 13 
3 59 59 56 44 15 
3 59 59 56 15 44 
3 59 59 56 30 29 
3 59 59 56 30 29 
3 59 59 56 36 23 
3 59 59 56 31 28 
3 59 59 56 50 9 
3 59 59 56 50 9 
3 59 59 56 35 24 
3 59 59 56 48 11 
3 59 59 20 36 59 
3 59 59 30 26 59 
3 59 59 36 20 59 
3 59 59 36 20 59 
3 59 59 45 11 59 
3 59 59 27 29 59 
3 59 59 27 59 29 
3 59 59 50 6 59 
3 59 59 35 21 59 
3 59 20 42 62 62 
3 59 18 44 62 62 
3 59 18 44 62 62 
3 59 36 26 62 62 
3 59 36 56 59 23 
3 59 36 26 62 62 
3 59 26 36 62 62 
3 59 28 56 31 59 
3 59 50 56 9 59 
3 59 50 56 59 9 
3 59 13 56 46 59 
3 59 56 53 6 59 
3 59 56 46 13 59 
3 59 56 44 15 59 
3 59 56 15 44 59 
3 59 56 30 29 59 
3 59 56 30 59 29 
3 59 56 36 59 23 
3 59 56 31 59 28 
3 59 56 50 9 59 
3 59 56 50 59 9 
3 59 56 35 59 24 
3 59 56 48 11 59 
3 59 56 6 62 62 
3 59 53 9 62 62 
3 59 53 62 9 62 
3 59 46 16 62 62 
3 59 20 42 62 62 
3 59 44 18 62 62 
3 59 44 18 62 62 
3 59 36 26 62 62 
3 59 27 35 62 62 
3 59 65 6 65 62 
3 59 65 6 65 62 
3 59 20 42 62 62 
3 59 20 42 62 62 
3 8 20 20 20 9 
3 8 20 20 20 9 
3 8 20 20 20 9 
3 8 20 20 20 9 
3 8 20 20 20 9 
3 8 20 20 20 9 
3 8 18 26 26 23 
3 8 26 26 18 23 
3 8 26 29 21 29 
3 8 56 64 64 61 
3 8 20 20 20 9 
3 8 20 20 20 9 
3 8 65 65 62 57 
3 8 65 65 57 62 
3 8 26 29 21 29 
3 59 20 42 62 62 
3 59 18 44 62 62 
3 59 18 44 62 62 
3 59 36 26 62 62 
3 59 36 56 59 23 
3 59 36 26 62 62 
3 59 26 36 62 62 
3 59 28 56 31 59 
3 59 50 56 9 59 
3 59 50 56 59 9 
3 59 13 56 46 59 
3 59 56 53 6 59 
3 59 56 46 13 59 
3 59 56 44 15 59 
3 59 56 15 44 59 
3 59 56 30 29 59 
3 59 56 30 59 29 
3 59 56 36 59 23 
3 59 56 31 59 28 
3 59 56 50 9 59 
3 59 56 50 59 9 
3 59 56 35 59 24 
3 59 56 48 11 59 
3 59 56 6 62 62 
3 59 53 9 62 62 
3 59 53 62 9 62 
3 59 46 16 62 62 
3 59 20 42 62 62 
3 59 44 18 62 62 
3 59 44 18 62 62 
3 59 36 26 62 62 
3 59 27 35 62 62 
3 59 65 6 65 62 
3 59 65 6 65 62 
3 59 20 42 62 62 
3 59 20 42 62 62 
3 20 26 26 6 23 
3 20 26 9 29 29 
3 20 26 29 29 9 
3 20 20 20 11 6 
3 20 20 20 11 6 
3 20 44 64 64 61 
3 20 44 64 64 61 
3 20 45 65 65 62 
3 20 45 65 65 62 
3 20 26 9 29 29 
3 20 26 29 29 9 
3 20 20 20 11 6 
3 20 42 62 59 62 
3 18 26 11 29 29 
3 18 46 64 64 61 
3 18 44 62 59 62 
3 18 15 9 18 9 
3 18 44 62 59 62 
3 18 26 11 29 29 
3 18 60 60 42 57 
3 36 26 62 59 62 
3 36 28 64 64 61 
3 36 65 29 65 62 
3 36 65 29 65 62 
3 36 65 65 62 29 
3 36 65 65 29 62 
3 36 64 64 28 61 
3 36 26 62 59 62 
3 36 60 60 57 24 
3 26 13 16 29 29 
3 26 13 26 13 23 
3 26 20 26 6 23 
3 26 20 9 29 29 
3 26 20 29 29 9 
3 26 15 26 11 23 
3 26 36 62 59 62 
3 26 16 13 29 29 
3 26 26 20 6 23 
3 26 26 20 6 23 
3 26 20 9 29 29 
3 26 20 29 29 9 
3 26 20 9 29 29 
3 26 20 29 29 9 
3 26 11 29 18 29 
3 26 6 29 29 23 
3 28 36 64 64 61 
3 50 15 65 65 62 
3 50 15 65 65 62 
3 13 16 26 29 29 
3 19 46 65 65 62 
3 19 46 65 65 62 
3 19 45 64 64 61 
3 55 64 9 64 61 
3 55 64 64 61 9 
3 56 65 9 65 62 
3 56 65 9 65 62 
3 56 65 65 62 9 
3 56 65 65 9 62 
3 56 6 62 59 62 
3 53 64 11 64 61 
3 53 9 62 59 62 
3 53 62 59 9 62 
3 46 16 62 59 62 
3 46 64 18 64 61 
3 20 44 64 64 61 
3 20 44 64 64 61 
3 20 45 65 65 62 
3 20 45 65 65 62 
3 20 26 9 29 29 
3 20 26 29 29 9 
3 20 20 20 11 6 
3 20 42 62 59 62 
3 44 65 65 21 62 
3 44 65 65 21 62 
3 44 16 60 60 57 
3 44 64 20 64 61 
3 44 64 20 64 61 
3 44 18 62 59 62 
3 15 45 60 60 57 
3 15 65 50 65 62 
3 15 65 50 65 62 
3 44 65 65 21 62 
3 44 65 65 21 62 
3 44 16 60 60 57 
3 44 64 20 64 61 
3 44 64 20 64 61 
3 44 18 62 59 62 
3 30 65 35 65 62 
3 30 65 35 65 62 
3 36 65 29 65 62 
3 36 65 29 65 62 
3 36 65 65 62 29 
3 36 65 65 29 62 
3 36 64 64 28 61 
3 36 26 62 59 62 
3 36 60 60 57 24 
3 45 65 20 65 62 
3 45 65 20 65 62 
3 45 65 20 65 62 
3 45 65 20 65 62 
3 27 35 62 59 62 
3 65 6 65 62 59 
3 65 6 65 59 62 
3 65 65 42 62 23 
3 65 65 42 62 23 
3 16 64 48 64 61 
3 16 26 13 29 29 
3 64 22 42 64 61 
3 64 55 9 64 61 
3 64 55 64 61 9 
3 64 35 29 64 61 
3 64 35 64 29 61 
3 64 6 64 61 58 
3 26 20 9 29 29 
3 26 20 29 29 9 
3 26 20 9 29 29 
3 26 20 29 29 9 
3 26 11 29 18 29 
3 26 6 29 29 23 
3 20 42 62 59 62 
3 31 60 29 60 57 
3 31 60 60 29 57 
3 20 42 62 59 62 
3 60 60 18 42 57 
24 28 59 59 31 35 
24 28 59 31 35 59 
24 28 59 31 35 59 
24 28 20 44 44 16 
24 28 26 50 22 50 
24 28 50 26 22 50 
24 28 55 27 55 31 
24 28 20 44 44 16 
24 28 44 44 16 20 
24 28 44 44 16 20 
24 59 8 59 27 59 
24 59 59 20 15 59 
24 59 59 36 35 23 
24 59 59 26 9 59 
24 59 59 26 59 9 
24 59 59 28 31 35 
24 59 59 50 35 9 
24 59 59 50 35 9 
24 59 59 13 46 35 
24 59 59 13 22 59 
24 59 59 19 16 59 
24 59 59 53 35 6 
24 59 59 46 13 35 
24 59 59 20 15 59 
24 59 59 44 15 35 
24 59 59 15 44 35 
24 59 59 15 20 59 
24 59 59 15 20 59 
24 59 59 30 35 29 
24 59 59 30 35 29 
24 59 59 36 35 23 
24 59 59 26 9 59 
24 59 59 26 59 9 
24 59 59 22 13 59 
24 59 59 31 35 28 
24 59 59 50 35 9 
24 59 59 50 35 9 
24 59 59 35 48 11 
24 59 59 11 59 24 
24 59 59 6 29 59 
24 59 59 6 59 29 
24 59 36 35 59 23 
24 59 28 31 35 59 
24 59 50 35 9 59 
24 59 50 35 59 9 
24 59 13 46 35 59 
24 59 53 35 6 59 
24 59 46 13 35 59 
24 59 44 15 35 59 
24 59 15 44 35 59 
24 59 30 35 29 59 
24 59 30 35 59 29 
24 59 36 35 59 23 
24 59 31 35 59 28 
24 59 50 35 9 59 
24 59 50 35 59 9 
24 59 35 48 11 59 
24 8 20 36 44 44 
24 8 20 44 44 36 
24 8 18 16 6 24 
24 8 36 20 44 44 
24 8 36 44 44 20 
24 8 36 44 44 20 
24 8 26 50 50 42 
24 8 50 26 50 42 
24 8 13 16 11 24 
24 8 20 44 44 36 
24 8 44 44 36 20 
24 8 44 44 36 20 
24 8 15 16 9 24 
24 8 15 16 9 24 
24 8 16 13 11 24 
24 8 16 6 18 24 
24 59 36 35 59 23 
24 59 28 31 35 59 
24 59 50 35 9 59 
24 59 50 35 59 9 
24 59 13 46 35 59 
24 59 53 35 6 59 
24 59 46 13 35 59 
24 59 44 15 35 59 
24 59 15 44 35 59 
24 59 30 35 29 59 
24 59 30 35 59 29 
24 59 36 35 59 23 
24 59 31 35 59 28 
24 59 50 35 9 59 
24 59 50 35 59 9 
24 59 35 48 11 59 
24 20 18 26 44 44 
24 20 18 44 44 26 
24 20 26 50 30 50 
24 20 26 44 44 18 
24 20 28 44 44 16 
24 20 50 30 26 50 
24 20 13 44 44 31 
24 20 55 55 31 35 
24 20 20 44 44 24 
24 20 44 15 44 29 
24 20 44 15 44 29 
24 20 44 44 16 28 
24 20 44 44 26 18 
24 20 44 44 20 24 
24 20 44 44 13 31 
24 20 44 44 35 9 
24 20 44 44 35 9 
24 20 44 44 20 24 
24 20 44 44 21 23 
24 18 36 60 60 42 
24 18 26 20 44 44 
24 18 26 44 44 20 
24 18 26 44 44 20 
24 18 13 11 6 24 
24 18 20 44 44 26 
24 18 44 44 26 20 
24 18 44 44 26 20 
24 18 15 6 9 24 
24 18 15 6 9 24 
24 18 36 60 60 42 
24 18 13 11 6 24 
24 36 19 55 55 31 
24 36 44 16 60 60 
24 36 15 45 60 60 
24 36 44 16 60 60 
24 36 36 60 60 24 
24 36 31 60 29 60 
24 36 31 60 60 29 
24 36 60 60 18 42 
24 26 28 50 22 50 
24 26 50 19 31 50 
24 26 50 20 30 50 
24 26 50 44 50 6 
24 26 50 15 50 35 
24 26 50 44 50 6 
24 26 50 30 20 50 
24 26 50 30 50 20 
24 26 50 27 50 23 
24 26 50 26 50 24 
24 26 50 22 50 28 
24 26 50 50 29 21 
24 26 50 50 21 29 
24 26 55 55 31 29 
24 26 55 55 31 29 
24 26 20 44 44 18 
24 26 44 44 20 18 
24 26 44 44 20 18 
24 28 50 26 22 50 
24 28 55 27 55 31 
24 28 20 44 44 16 
24 28 44 44 16 20 
24 28 44 44 16 20 
24 50 19 26 31 50 
24 50 20 30 26 50 
24 50 44 26 50 6 
24 50 15 26 50 35 
24 50 44 26 50 6 
24 50 30 26 20 50 
24 50 30 26 50 20 
24 50 27 26 50 23 
24 50 26 22 50 28 
24 50 26 50 29 21 
24 50 26 50 21 29 
24 13 55 55 31 42 
24 13 20 44 44 31 
24 13 44 44 20 31 
24 13 44 44 31 20 
24 13 15 11 9 24 
24 13 15 11 9 24 
24 13 11 6 18 24 
24 19 55 36 55 31 
24 55 46 55 31 9 
24 55 46 55 31 9 
24 55 20 55 31 35 
24 55 44 55 31 11 
24 55 44 55 31 11 
24 55 27 55 31 28 
24 55 26 55 31 29 
24 55 26 55 31 29 
24 55 20 55 31 35 
24 55 55 13 31 42 
24 55 55 31 35 20 
24 20 44 15 44 29 
24 20 44 15 44 29 
24 20 44 44 16 28 
24 20 44 44 26 18 
24 20 44 44 20 24 
24 20 44 44 13 31 
24 20 44 44 35 9 
24 20 44 44 35 9 
24 20 44 44 20 24 
24 20 44 44 21 23 
24 44 15 44 20 29 
24 44 15 44 20 29 
24 44 15 44 20 29 
24 44 15 44 20 29 
24 44 44 16 20 28 
24 44 44 16 20 28 
24 44 44 26 20 18 
24 44 44 26 20 18 
24 44 44 20 13 31 
24 44 44 20 35 9 
24 44 44 20 35 9 
24 44 44 20 20 24 
24 44 44 20 21 23 
24 44 44 13 31 20 
24 44 44 35 20 9 
24 44 44 35 20 9 
24 44 44 20 21 23 
24 44 36 16 60 60 
24 15 36 45 60 60 
24 15 13 11 9 24 
24 15 13 11 9 24 
24 15 6 9 18 24 
24 15 6 18 9 24 
24 44 36 16 60 60 
24 36 31 60 29 60 
24 36 31 60 60 29 
24 36 60 60 18 42 
24 13 11 6 18 24 
28 59 8 59 59 23 
28 59 59 20 11 59 
28 59 59 18 13 59 
28 59 59 18 13 59 
28 59 59 36 31 23 
28 59 59 50 31 9 
28 59 59 50 31 9 
28 59 59 13 46 31 
28 59 59 13 18 59 
28 59 59 53 31 6 
28 59 59 46 13 31 
28 59 59 20 11 59 
28 59 59 44 15 31 
28 59 59 15 44 31 
28 59 59 15 16 59 
28 59 59 30 31 29 
28 59 59 30 31 29 
28 59 59 36 31 23 
28 59 59 20 11 59 
28 59 59 22 9 59 
28 59 59 22 59 9 
28 59 59 13 18 59 
28 59 59 31 50 9 
28 59 59 31 50 9 
28 59 59 31 35 24 
28 59 59 31 48 11 
28 59 59 20 11 59 
28 59 36 31 59 23 
28 59 50 31 9 59 
28 59 50 31 59 9 
28 59 13 46 31 59 
28 59 53 31 6 59 
28 59 46 13 31 59 
28 59 44 15 31 59 
28 59 15 44 31 59 
28 59 30 31 29 59 
28 59 30 31 59 29 
28 59 36 31 59 23 
28 59 31 50 9 59 
28 59 31 50 59 9 
28 59 31 35 59 24 
28 59 31 48 11 59 
28 8 20 36 36 16 
28 8 20 28 13 15 
28 8 20 28 19 9 
28 8 20 28 19 9 
28 8 20 28 15 13 
28 8 20 28 22 6 
28 8 20 13 15 28 
28 8 20 19 9 28 
28 8 20 19 28 9 
28 8 20 15 13 28 
28 8 20 22 6 28 
28 8 18 36 36 18 
28 8 36 13 36 23 
28 8 36 56 64 64 
28 8 36 20 36 16 
28 8 36 44 44 16 
28 8 36 15 36 21 
28 8 36 30 36 6 
28 8 36 36 27 9 
28 8 36 36 27 9 
28 8 36 36 16 20 
28 8 36 36 16 20 
28 8 36 36 13 23 
28 8 28 13 20 15 
28 8 28 13 15 20 
28 8 28 13 15 20 
28 8 28 19 20 9 
28 8 28 19 20 9 
28 8 28 19 20 9 
28 8 28 19 20 9 
28 8 28 19 20 9 
28 8 28 19 20 9 
28 8 28 20 15 13 
28 8 28 20 22 6 
28 8 28 15 20 13 
28 8 28 15 13 20 
28 8 28 20 22 6 
28 8 28 22 20 6 
28 8 28 11 9 28 
28 8 28 11 28 9 
28 8 50 22 50 42 
28 8 13 20 15 28 
28 8 13 15 20 28 
28 8 13 15 20 28 
28 8 19 20 9 28 
28 8 19 20 28 9 
28 8 19 20 9 28 
28 8 19 20 28 9 
28 8 19 20 9 28 
28 8 19 20 28 9 
28 8 56 36 64 64 
28 8 20 15 13 28 
28 8 20 22 6 28 
28 8 44 44 36 16 
28 8 15 20 13 28 
28 8 15 13 20 28 
28 8 20 22 6 28 
28 8 22 20 6 28 
28 59 36 31 59 23 
28 59 50 31 9 59 
28 59 50 31 59 9 
28 59 13 46 31 59 
28 59 53 31 6 59 
28 59 46 13 31 59 
28 59 44 15 31 59 
28 59 15 44 31 59 
28 59 30 31 29 59 
28 59 30 31 59 29 
28 59 36 31 59 23 
28 59 31 50 9 59 
28 59 31 50 59 9 
28 59 31 35 59 24 
28 59 31 48 11 59 
28 20 36 44 64 64 
28 20 36 44 64 64 
28 20 50 30 22 50 
28 20 55 27 55 35 
28 20 44 44 16 24 
28 20 44 36 64 64 
28 20 44 36 64 64 
28 18 36 46 64 64 
28 18 26 44 44 16 
28 18 46 36 64 64 
28 18 44 44 16 26 
28 36 28 36 64 64 
28 36 19 55 27 55 
28 36 19 45 64 64 
28 36 55 64 9 64 
28 36 55 64 64 9 
28 36 53 64 11 64 
28 36 46 64 18 64 
28 36 20 44 64 64 
28 36 20 44 64 64 
28 36 44 64 20 64 
28 36 44 64 20 64 
28 36 44 64 20 64 
28 36 44 64 20 64 
28 36 36 64 64 28 
28 36 16 64 48 64 
28 36 64 22 42 64 
28 36 64 55 9 64 
28 36 64 55 64 9 
28 36 64 35 29 64 
28 36 64 35 64 29 
28 36 64 6 64 58 
28 26 50 22 50 24 
28 26 55 27 55 29 
28 26 55 27 55 29 
28 26 44 44 16 18 
28 28 13 19 15 9 
28 28 13 19 15 9 
28 28 13 15 22 6 
28 28 13 6 9 28 
28 28 13 6 28 9 
28 28 19 15 13 9 
28 28 19 15 13 9 
28 28 19 22 6 9 
28 28 19 22 6 9 
28 28 15 22 13 6 
28 28 13 6 9 28 
28 28 13 6 28 9 
28 50 19 22 31 50 
28 50 20 30 22 50 
28 50 44 22 50 6 
28 50 15 22 50 35 
28 50 44 22 50 6 
28 50 30 20 22 50 
28 50 30 22 50 20 
28 50 27 22 50 23 
28 50 26 22 50 24 
28 50 22 50 29 21 
28 50 22 50 21 29 
28 13 19 15 9 28 
28 13 19 15 28 9 
28 13 55 27 55 42 
28 13 44 44 16 31 
28 13 15 22 6 28 
28 19 55 36 27 55 
28 19 15 13 9 28 
28 19 15 13 28 9 
28 19 36 45 64 64 
28 19 22 6 9 28 
28 19 22 6 28 9 
28 55 46 27 55 9 
28 55 46 27 55 9 
28 55 20 27 55 35 
28 55 44 27 55 11 
28 55 44 27 55 11 
28 55 36 64 9 64 
28 55 36 64 64 9 
28 55 27 26 55 29 
28 55 27 26 55 29 
28 55 27 20 55 35 
28 55 27 55 13 42 
28 55 27 55 31 24 
28 55 27 55 35 20 
28 53 36 64 11 64 
28 46 36 64 18 64 
28 20 44 44 16 24 
28 20 44 36 64 64 
28 20 44 36 64 64 
28 44 15 44 16 29 
28 44 15 44 16 29 
28 44 44 16 26 18 
28 44 44 16 20 24 
28 44 44 16 13 31 
28 44 44 16 35 9 
28 44 44 16 35 9 
28 44 44 16 20 24 
28 44 44 16 21 23 
28 44 36 64 20 64 
28 44 36 64 20 64 
28 15 22 13 6 28 
28 44 36 64 20 64 
28 44 36 64 20 64 
28 36 16 64 48 64 
28 36 64 22 42 64 
28 36 64 55 9 64 
28 36 64 55 64 9 
28 36 64 35 29 64 
28 36 64 35 64 29 
28 36 64 6 64 58 
59 8 59 20 31 59 
59 8 59 36 15 59 
59 8 59 28 59 23 
59 8 59 20 31 59 
59 8 59 15 36 59 
59 8 59 30 21 59 
59 8 59 45 6 59 
59 8 59 27 59 24 
59 8 59 16 35 59 
59 8 59 20 31 59 
59 8 59 22 29 59 
59 8 59 22 59 29 
59 8 59 31 20 59 
59 8 59 9 42 59 
59 8 59 42 59 9 
59 8 59 59 28 23 
59 8 65 6 65 57 
59 59 20 18 21 59 
59 59 20 26 13 59 
59 59 20 26 13 59 
59 59 20 28 11 59 
59 59 20 13 26 59 
59 59 20 19 20 59 
59 59 20 19 20 59 
59 59 20 19 20 59 
59 59 20 15 59 24 
59 59 20 30 9 59 
59 59 20 30 59 9 
59 59 20 16 59 23 
59 59 20 26 13 59 
59 59 20 11 59 28 
59 59 20 18 21 59 
59 59 18 26 15 59 
59 59 18 28 13 59 
59 59 18 28 13 59 
59 59 18 13 59 28 
59 59 18 19 22 59 
59 59 18 20 21 59 
59 59 18 15 26 59 
59 59 18 30 11 59 
59 59 18 20 21 59 
59 59 18 13 59 28 
59 59 18 35 6 59 
59 59 18 20 21 59 
59 59 18 18 59 23 
59 59 36 28 31 23 
59 59 36 50 9 23 
59 59 36 50 9 23 
59 59 36 13 46 23 
59 59 36 53 6 23 
59 59 36 46 13 23 
59 59 36 44 15 23 
59 59 36 15 44 23 
59 59 36 30 29 23 
59 59 36 30 29 23 
59 59 36 31 28 23 
59 59 36 50 9 23 
59 59 36 50 9 23 
59 59 36 35 24 23 
59 59 36 48 11 23 
59 59 26 13 20 59 
59 59 26 13 20 59 
59 59 26 13 20 59 
59 59 26 20 13 59 
59 59 26 15 18 59 
59 59 26 27 6 59 
59 59 26 20 13 59 
59 59 26 22 11 59 
59 59 26 13 20 59 
59 59 26 9 59 24 
59 59 26 59 9 24 
59 59 28 50 31 9 
59 59 28 50 31 9 
59 59 28 13 46 31 
59 59 28 13 18 59 
59 59 28 53 31 6 
59 59 28 46 13 31 
59 59 28 20 11 59 
59 59 28 44 15 31 
59 59 28 15 44 31 
59 59 28 15 16 59 
59 59 28 30 31 29 
59 59 28 30 31 29 
59 59 28 36 31 23 
59 59 28 20 11 59 
59 59 28 22 9 59 
59 59 28 22 59 9 
59 59 28 13 18 59 
59 59 28 31 50 9 
59 59 28 31 50 9 
59 59 28 31 35 24 
59 59 28 31 48 11 
59 59 28 20 11 59 
59 59 50 13 46 9 
59 59 50 13 46 9 
59 59 50 53 6 9 
59 59 50 53 6 9 
59 59 50 46 13 9 
59 59 50 46 13 9 
59 59 50 44 15 9 
59 59 50 44 15 9 
59 59 50 15 44 9 
59 59 50 15 44 9 
59 59 50 30 9 29 
59 59 50 30 9 29 
59 59 50 30 29 9 
59 59 50 30 29 9 
59 59 50 36 9 23 
59 59 50 36 9 23 
59 59 50 31 9 28 
59 59 50 31 28 9 
59 59 50 50 9 9 
59 59 50 35 9 24 
59 59 50 35 9 24 
59 59 50 48 11 9 
59 59 50 48 11 9 
59 59 13 19 27 59 
59 59 13 53 46 6 
59 59 13 46 44 15 
59 59 13 46 15 44 
59 59 13 46 30 29 
59 59 13 46 30 29 
59 59 13 46 36 23 
59 59 13 46 31 28 
59 59 13 46 50 9 
59 59 13 46 50 9 
59 59 13 46 35 24 
59 59 13 46 48 11 
59 59 13 20 26 59 
59 59 13 15 31 59 
59 59 13 30 16 59 
59 59 13 26 20 59 
59 59 13 26 20 59 
59 59 13 22 59 24 
59 59 13 35 11 59 
59 59 13 18 59 28 
59 59 19 20 20 59 
59 59 19 20 20 59 
59 59 19 27 13 59 
59 59 19 16 59 24 
59 59 19 20 20 59 
59 59 19 22 18 59 
59 59 19 31 9 59 
59 59 19 31 59 9 
59 59 19 11 29 59 
59 59 19 11 59 29 
59 59 53 46 13 6 
59 59 53 44 15 6 
59 59 53 15 44 6 
59 59 53 30 6 29 
59 59 53 30 6 29 
59 59 53 36 6 23 
59 59 53 31 6 28 
59 59 53 50 6 9 
59 59 53 50 6 9 
59 59 53 35 6 24 
59 59 53 48 11 6 
59 59 46 44 15 13 
59 59 46 15 44 13 
59 59 46 30 13 29 
59 59 46 30 13 29 
59 59 46 36 13 23 
59 59 46 13 31 28 
59 59 46 13 50 9 
59 59 46 13 50 9 
59 59 46 13 35 24 
59 59 46 13 48 11 
59 59 20 15 59 24 
59 59 20 30 9 59 
59 59 20 30 59 9 
59 59 20 16 59 23 
59 59 20 26 13 59 
59 59 20 11 59 28 
59 59 20 18 21 59 
59 59 44 15 30 29 
59 59 44 15 30 29 
59 59 44 15 36 23 
59 59 44 15 31 28 
59 59 44 15 50 9 
59 59 44 15 50 9 
59 59 44 15 35 24 
59 59 44 15 48 11 
59 59 44 6 9 59 
59 59 44 6 59 9 
59 59 15 44 30 29 
59 59 15 44 30 29 
59 59 15 44 36 23 
59 59 15 44 31 28 
59 59 15 44 50 9 
59 59 15 44 50 9 
59 59 15 44 35 24 
59 59 15 44 48 11 
59 59 15 16 59 28 
59 59 15 26 18 59 
59 59 15 20 59 24 
59 59 15 13 31 59 
59 59 15 35 9 59 
59 59 15 35 59 9 
59 59 15 20 59 24 
59 59 15 21 59 23 
59 59 44 6 9 59 
59 59 44 6 59 9 
59 59 30 36 29 23 
59 59 30 36 29 23 
59 59 30 16 13 59 
59 59 30 20 9 59 
59 59 30 20 59 9 
59 59 30 31 29 28 
59 59 30 31 28 29 
59 59 30 50 9 29 
59 59 30 50 9 29 
59 59 30 50 29 9 
59 59 30 50 29 9 
59 59 30 35 29 24 
59 59 30 35 29 24 
59 59 30 48 11 29 
59 59 30 48 11 29 
59 59 30 20 9 59 
59 59 30 20 59 9 
59 59 30 11 18 59 
59 59 30 6 59 23 
59 59 36 31 28 23 
59 59 36 50 9 23 
59 59 36 50 9 23 
59 59 36 35 24 23 
59 59 36 48 11 23 
59 59 27 26 6 59 
59 59 27 11 21 59 
59 59 27 9 59 23 
59 59 27 59 9 23 
59 59 16 20 59 23 
59 59 16 22 21 59 
59 59 16 20 59 23 
59 59 26 20 13 59 
59 59 26 22 11 59 
59 59 26 13 20 59 
59 59 26 9 59 24 
59 59 26 59 9 24 
59 59 20 11 59 28 
59 59 20 18 21 59 
59 59 22 13 59 24 
59 59 22 31 6 59 
59 59 22 9 59 28 
59 59 22 59 28 9 
59 59 13 35 11 59 
59 59 13 18 59 28 
59 59 31 50 9 28 
59 59 31 50 28 9 
59 59 31 35 28 24 
59 59 31 48 11 28 
59 59 50 35 9 24 
59 59 50 35 9 24 
59 59 50 48 11 9 
59 59 50 48 11 9 
59 59 35 48 11 24 
59 59 35 6 18 59 
59 59 20 11 59 28 
59 59 20 18 21 59 
59 59 11 6 42 59 
59 59 6 29 59 24 
59 59 6 59 29 24 
59 59 9 29 21 59 
59 59 9 21 59 29 
59 59 29 21 59 9 
59 59 21 59 29 9 
59 20 45 65 6 65 
59 36 28 31 59 23 
59 36 50 9 59 23 
59 36 50 59 9 23 
59 36 13 46 59 23 
59 36 53 6 59 23 
59 36 46 13 59 23 
59 36 44 15 59 23 
59 36 15 44 59 23 
59 36 30 29 59 23 
59 36 30 59 29 23 
59 36 65 6 29 65 
59 36 65 6 65 29 
59 36 31 59 28 23 
59 36 50 9 59 23 
59 36 50 59 9 23 
59 36 35 59 24 23 
59 36 48 11 59 23 
59 28 50 31 9 59 
59 28 50 31 59 9 
59 28 13 46 31 59 
59 28 53 31 6 59 
59 28 46 13 31 59 
59 28 44 15 31 59 
59 28 15 44 31 59 
59 28 30 31 29 59 
59 28 30 31 59 29 
59 28 36 31 59 23 
59 28 31 50 9 59 
59 28 31 50 59 9 
59 28 31 35 59 24 
59 28 31 48 11 59 
59 50 13 46 9 59 
59 50 13 46 59 9 
59 50 53 6 9 59 
59 50 53 6 59 9 
59 50 46 13 9 59 
59 50 46 13 59 9 
59 50 44 15 9 59 
59 50 44 15 59 9 
59 50 15 44 9 59 
59 50 15 44 59 9 
59 50 15 65 6 65 
59 50 30 9 29 59 
59 50 30 9 59 29 
59 50 30 29 59 9 
59 50 30 59 29 9 
59 50 36 9 59 23 
59 50 36 59 9 23 
59 50 31 9 59 28 
59 50 31 59 28 9 
59 50 50 9 59 9 
59 50 35 9 59 24 
59 50 35 59 9 24 
59 50 48 11 9 59 
59 50 48 11 59 9 
59 13 53 46 6 59 
59 13 46 44 15 59 
59 13 46 15 44 59 
59 13 46 30 29 59 
59 13 46 30 59 29 
59 13 46 36 59 23 
59 13 46 31 59 28 
59 13 46 50 9 59 
59 13 46 50 59 9 
59 13 46 35 59 24 
59 13 46 48 11 59 
59 19 46 65 6 65 
59 56 65 6 9 65 
59 56 65 6 65 9 
59 53 46 13 6 59 
59 53 44 15 6 59 
59 53 15 44 6 59 
59 53 30 6 29 59 
59 53 30 6 59 29 
59 53 36 6 59 23 
59 53 31 6 59 28 
59 53 50 6 9 59 
59 53 50 6 59 9 
59 53 35 6 59 24 
59 53 48 11 6 59 
59 46 44 15 13 59 
59 46 15 44 13 59 
59 46 30 13 29 59 
59 46 30 13 59 29 
59 46 36 13 59 23 
59 46 13 31 59 28 
59 46 13 50 9 59 
59 46 13 50 59 9 
59 46 13 35 59 24 
59 46 13 48 11 59 
59 20 45 65 6 65 
59 44 15 30 29 59 
59 44 15 30 59 29 
59 44 15 36 59 23 
59 44 15 31 59 28 
59 44 15 50 9 59 
59 44 15 50 59 9 
59 44 15 35 59 24 
59 44 15 48 11 59 
59 44 65 6 65 21 
59 15 44 30 29 59 
59 15 44 30 59 29 
59 15 44 36 59 23 
59 15 44 31 59 28 
59 15 44 50 9 59 
59 15 44 50 59 9 
59 15 44 35 59 24 
59 15 44 48 11 59 
59 15 65 50 6 65 
59 44 65 6 65 21 
59 30 36 29 59 23 
59 30 36 59 29 23 
59 30 65 35 6 65 
59 30 31 29 59 28 
59 30 31 59 28 29 
59 30 50 9 29 59 
59 30 50 9 59 29 
59 30 50 29 59 9 
59 30 50 59 29 9 
59 30 35 29 59 24 
59 30 35 59 29 24 
59 30 48 11 29 59 
59 30 48 11 59 29 
59 36 65 6 29 65 
59 36 65 6 65 29 
59 36 31 59 28 23 
59 36 50 9 59 23 
59 36 50 59 9 23 
59 36 35 59 24 23 
59 36 48 11 59 23 
59 45 65 20 6 65 
59 45 65 20 6 65 
59 65 6 65 42 23 
59 31 50 9 59 28 
59 31 50 59 28 9 
59 31 35 59 28 24 
59 31 48 11 59 28 
59 50 35 9 59 24 
59 50 35 59 9 24 
59 50 48 11 9 59 
59 50 48 11 59 9 
59 35 48 11 59 24 
8 59 65 6 65 57 
8 20 18 26 26 6 
8 20 36 28 36 16 
8 20 36 44 44 24 
8 20 36 36 16 28 
8 20 26 26 6 18 
8 20 28 13 15 28 
8 20 28 19 9 28 
8 20 28 19 28 9 
8 20 28 15 13 28 
8 20 28 22 6 28 
8 20 50 30 50 42 
8 20 56 44 64 64 
8 20 56 44 64 64 
8 20 44 44 36 24 
8 20 45 65 65 57 
8 20 9 29 21 29 
8 20 29 21 29 9 
8 18 36 26 44 44 
8 18 36 28 36 18 
8 18 36 44 44 26 
8 18 36 36 18 28 
8 18 26 13 26 13 
8 18 26 20 26 6 
8 18 26 44 44 36 
8 18 26 15 26 11 
8 18 26 26 20 6 
8 18 26 26 20 6 
8 18 56 46 64 64 
8 18 44 44 36 26 
8 18 11 29 21 29 
8 36 26 44 44 18 
8 36 28 13 36 23 
8 36 28 56 64 64 
8 36 28 20 36 16 
8 36 28 44 44 16 
8 36 28 15 36 21 
8 36 28 30 36 6 
8 36 28 36 27 9 
8 36 28 36 27 9 
8 36 28 36 16 20 
8 36 28 36 16 20 
8 36 28 36 13 23 
8 36 13 44 44 31 
8 36 13 36 28 23 
8 36 56 64 64 28 
8 36 20 44 44 24 
8 36 20 36 16 28 
8 36 44 15 44 29 
8 36 44 15 44 29 
8 36 44 44 16 28 
8 36 44 44 26 18 
8 36 44 44 20 24 
8 36 44 44 13 31 
8 36 44 44 35 9 
8 36 44 44 35 9 
8 36 44 44 20 24 
8 36 44 44 21 23 
8 36 15 36 21 28 
8 36 30 36 6 28 
8 36 36 27 9 28 
8 36 36 27 28 9 
8 36 36 16 20 28 
8 36 36 16 20 28 
8 36 36 13 28 23 
8 36 65 29 65 57 
8 36 65 65 29 57 
8 26 50 50 42 24 
8 26 13 26 13 18 
8 26 20 26 6 18 
8 26 44 44 36 18 
8 26 15 26 11 18 
8 26 26 20 6 18 
8 26 26 20 6 18 
8 28 50 22 50 42 
8 28 13 20 15 28 
8 28 13 15 20 28 
8 28 13 15 20 28 
8 28 19 20 9 28 
8 28 19 20 28 9 
8 28 19 20 9 28 
8 28 19 20 28 9 
8 28 19 20 9 28 
8 28 19 20 28 9 
8 28 56 36 64 64 
8 28 20 15 13 28 
8 28 20 22 6 28 
8 28 44 44 36 16 
8 28 15 20 13 28 
8 28 15 13 20 28 
8 28 20 22 6 28 
8 28 22 20 6 28 
8 50 19 31 50 42 
8 50 20 30 50 42 
8 50 44 50 6 42 
8 50 15 65 65 57 
8 50 15 50 35 42 
8 50 44 50 6 42 
8 50 30 20 50 42 
8 50 30 50 20 42 
8 50 27 50 42 23 
8 50 26 50 42 24 
8 50 22 50 42 28 
8 50 50 29 42 21 
8 50 50 42 21 29 
8 13 44 44 36 31 
8 13 16 29 21 29 
8 19 56 45 64 64 
8 19 46 65 65 57 
8 55 56 64 9 64 
8 55 56 64 64 9 
8 56 53 64 11 64 
8 56 46 64 18 64 
8 56 20 44 64 64 
8 56 20 44 64 64 
8 56 44 64 20 64 
8 56 44 64 20 64 
8 56 44 64 20 64 
8 56 44 64 20 64 
8 56 36 64 64 28 
8 56 65 9 65 57 
8 56 65 65 9 57 
8 56 16 64 48 64 
8 56 64 22 42 64 
8 56 64 55 9 64 
8 56 64 55 64 9 
8 56 64 35 29 64 
8 56 64 35 64 29 
8 56 64 6 64 58 
8 20 44 44 36 24 
8 20 45 65 65 57 
8 20 9 29 21 29 
8 20 29 21 29 9 
8 44 15 44 36 29 
8 44 15 44 36 29 
8 44 44 36 16 28 
8 44 44 36 26 18 
8 44 44 36 20 24 
8 44 44 36 13 31 
8 44 44 36 35 9 
8 44 44 36 35 9 
8 44 44 36 20 24 
8 44 44 36 21 23 
8 44 65 65 21 57 
8 15 65 50 65 57 
8 44 65 65 21 57 
8 30 65 35 65 57 
8 36 65 29 65 57 
8 36 65 65 29 57 
8 45 65 20 65 57 
8 45 65 20 65 57 
8 65 6 65 59 57 
8 65 65 42 57 23 
8 16 13 29 21 29 
8 20 9 29 21 29 
8 20 29 21 29 9 
8 20 9 29 21 29 
8 20 29 21 29 9 
8 11 29 18 21 29 
8 6 29 21 29 23 
59 20 45 65 6 65 
59 36 28 31 59 23 
59 36 50 9 59 23 
59 36 50 59 9 23 
59 36 13 46 59 23 
59 36 53 6 59 23 
59 36 46 13 59 23 
59 36 44 15 59 23 
59 36 15 44 59 23 
59 36 30 29 59 23 
59 36 30 59 29 23 
59 36 65 6 29 65 
59 36 65 6 65 29 
59 36 31 59 28 23 
59 36 50 9 59 23 
59 36 50 59 9 23 
59 36 35 59 24 23 
59 36 48 11 59 23 
59 28 50 31 9 59 
59 28 50 31 59 9 
59 28 13 46 31 59 
59 28 53 31 6 59 
59 28 46 13 31 59 
59 28 44 15 31 59 
59 28 15 44 31 59 
59 28 30 31 29 59 
59 28 30 31 59 29 
59 28 36 31 59 23 
59 28 31 50 9 59 
59 28 31 50 59 9 
59 28 31 35 59 24 
59 28 31 48 11 59 
59 50 13 46 9 59 
59 50 13 46 59 9 
59 50 53 6 9 59 
59 50 53 6 59 9 
59 50 46 13 9 59 
59 50 46 13 59 9 
59 50 44 15 9 59 
59 50 44 15 59 9 
59 50 15 44 9 59 
59 50 15 44 59 9 
59 50 15 65 6 65 
59 50 30 9 29 59 
59 50 30 9 59 29 
59 50 30 29 59 9 
59 50 30 59 29 9 
59 50 36 9 59 23 
59 50 36 59 9 23 
59 50 31 9 59 28 
59 50 31 59 28 9 
59 50 50 9 59 9 
59 50 35 9 59 24 
59 50 35 59 9 24 
59 50 48 11 9 59 
59 50 48 11 59 9 
59 13 53 46 6 59 
59 13 46 44 15 59 
59 13 46 15 44 59 
59 13 46 30 29 59 
59 13 46 30 59 29 
59 13 46 36 59 23 
59 13 46 31 59 28 
59 13 46 50 9 59 
59 13 46 50 59 9 
59 13 46 35 59 24 
59 13 46 48 11 59 
59 19 46 65 6 65 
59 56 65 6 9 65 
59 56 65 6 65 9 
59 53 46 13 6 59 
59 53 44 15 6 59 
59 53 15 44 6 59 
59 53 30 6 29 59 
59 53 30 6 59 29 
59 53 36 6 59 23 
59 53 31 6 59 28 
59 53 50 6 9 59 
59 53 50 6 59 9 
59 53 35 6 59 24 
59 53 48 11 6 59 
59 46 44 15 13 59 
59 46 15 44 13 59 
59 46 30 13 29 59 
59 46 30 13 59 29 
59 46 36 13 59 23 
59 46 13 31 59 28 
59 46 13 50 9 59 
59 46 13 50 59 9 
59 46 13 35 59 24 
59 46 13 48 11 59 
59 20 45 65 6 65 
59 44 15 30 29 59 
59 44 15 30 59 29 
59 44 15 36 59 23 
59 44 15 31 59 28 
59 44 15 50 9 59 
59 44 15 50 59 9 
59 44 15 35 59 24 
59 44 15 48 11 59 
59 44 65 6 65 21 
59 15 44 30 29 59 
59 15 44 30 59 29 
59 15 44 36 59 23 
59 15 44 31 59 28 
59 15 44 50 9 59 
59 15 44 50 59 9 
59 15 44 35 59 24 
59 15 44 48 11 59 
59 15 65 50 6 65 
59 44 65 6 65 21 
59 30 36 29 59 23 
59 30 36 59 29 23 
59 30 65 35 6 65 
59 30 31 29 59 28 
59 30 31 59 28 29 
59 30 50 9 29 59 
59 30 50 9 59 29 
59 30 50 29 59 9 
59 30 50 59 29 9 
59 30 35 29 59 24 
59 30 35 59 29 24 
59 30 48 11 29 59 
59 30 48 11 59 29 
59 36 65 6 29 65 
59 36 65 6 65 29 
59 36 31 59 28 23 
59 36 50 9 59 23 
59 36 50 59 9 23 
59 36 35 59 24 23 
59 36 48 11 59 23 
59 45 65 20 6 65 
59 45 65 20 6 65 
59 65 6 65 42 23 
59 31 50 9 59 28 
59 31 50 59 28 9 
59 31 35 59 28 24 
59 31 48 11 59 28 
59 50 35 9 59 24 
59 50 35 59 9 24 
59 50 48 11 9 59 
59 50 48 11 59 9 
59 35 48 11 59 24 
20 18 36 36 16 18 
20 18 26 44 44 24 
20 18 46 44 64 64 
20 18 46 44 64 64 
20 18 44 44 26 24 
20 18 44 42 62 62 
20 18 44 42 62 62 
20 18 11 9 29 29 
20 18 11 29 29 9 
20 36 26 42 62 62 
20 36 28 44 64 64 
20 36 28 44 64 64 
20 36 13 36 16 23 
20 36 19 55 55 35 
20 36 44 64 64 28 
20 36 15 36 16 21 
20 36 44 64 64 28 
20 36 30 36 16 6 
20 36 36 27 16 9 
20 36 36 27 16 9 
20 36 36 16 13 23 
20 36 45 65 29 65 
20 36 45 65 65 29 
20 36 26 42 62 62 
20 26 50 30 50 24 
20 26 13 26 13 6 
20 26 55 55 35 29 
20 26 55 55 35 29 
20 26 44 44 18 24 
20 26 15 26 11 6 
20 26 36 42 62 62 
20 28 50 30 22 50 
20 28 55 27 55 35 
20 28 44 44 16 24 
20 28 44 36 64 64 
20 28 44 36 64 64 
20 50 19 30 31 50 
20 50 44 30 50 6 
20 50 15 30 50 35 
20 50 15 45 65 65 
20 50 44 30 50 6 
20 50 30 27 50 23 
20 50 30 26 50 24 
20 50 30 22 50 28 
20 50 30 50 29 21 
20 50 30 50 21 29 
20 13 55 55 35 42 
20 13 44 44 31 24 
20 13 16 9 29 29 
20 13 16 29 29 9 
20 19 55 36 55 35 
20 19 46 45 65 65 
20 19 44 45 64 64 
20 19 44 45 64 64 
20 55 46 55 35 9 
20 55 46 55 35 9 
20 55 44 64 9 64 
20 55 44 64 64 9 
20 55 44 55 35 11 
20 55 44 64 9 64 
20 55 44 64 64 9 
20 55 44 55 35 11 
20 55 27 55 35 28 
20 55 26 55 35 29 
20 55 26 55 35 29 
20 55 55 13 35 42 
20 55 55 31 35 24 
20 56 45 65 9 65 
20 56 45 65 65 9 
20 56 6 42 62 62 
20 53 44 64 11 64 
20 53 44 64 11 64 
20 53 9 42 62 62 
20 53 42 62 9 62 
20 46 44 64 18 64 
20 46 44 64 18 64 
20 46 16 42 62 62 
20 20 44 44 64 64 
20 20 9 29 29 9 
20 44 15 44 29 24 
20 44 15 44 29 24 
20 44 44 16 28 24 
20 44 44 64 20 64 
20 44 44 64 20 64 
20 44 44 26 18 24 
20 44 44 13 31 24 
20 44 44 35 9 24 
20 44 44 35 9 24 
20 44 44 21 24 23 
20 44 36 64 64 28 
20 44 45 65 65 21 
20 44 16 64 48 64 
20 44 64 22 42 64 
20 44 64 55 9 64 
20 44 64 55 64 9 
20 44 64 35 29 64 
20 44 64 35 64 29 
20 44 64 6 64 58 
20 44 18 42 62 62 
20 15 45 65 50 65 
20 44 36 64 64 28 
20 44 45 65 65 21 
20 44 16 64 48 64 
20 44 64 22 42 64 
20 44 64 55 9 64 
20 44 64 55 64 9 
20 44 64 35 29 64 
20 44 64 35 64 29 
20 44 64 6 64 58 
20 44 18 42 62 62 
20 30 45 65 35 65 
20 36 45 65 29 65 
20 36 45 65 65 29 
20 36 26 42 62 62 
20 45 65 6 65 59 
20 45 65 65 42 23 
20 27 35 42 62 62 
20 16 13 9 29 29 
20 16 13 29 29 9 
20 20 9 29 29 9 
20 20 9 29 29 9 
20 11 9 29 18 29 
20 11 29 18 29 9 
20 6 9 29 29 23 
20 6 29 29 9 23 
18 36 26 44 62 62 
18 36 26 44 62 62 
18 36 28 46 64 64 
18 36 13 36 18 23 
18 36 46 64 64 28 
18 36 20 36 16 18 
18 36 44 26 62 62 
18 36 15 36 18 21 
18 36 44 26 62 62 
18 36 30 36 6 18 
18 36 36 27 9 18 
18 36 36 27 18 9 
18 36 36 16 20 18 
18 36 36 16 20 18 
18 36 36 13 18 23 
18 36 60 60 42 24 
18 26 28 44 44 16 
18 26 13 44 44 31 
18 26 20 44 44 24 
18 26 44 15 44 29 
18 26 44 15 44 29 
18 26 44 44 16 28 
18 26 44 44 26 18 
18 26 44 44 20 24 
18 26 44 44 13 31 
18 26 44 44 35 9 
18 26 44 44 35 9 
18 26 44 44 20 24 
18 26 44 44 21 23 
18 26 44 36 62 62 
18 26 44 36 62 62 
18 28 46 36 64 64 
18 28 44 44 16 26 
18 13 44 44 26 31 
18 13 16 11 29 29 
18 19 46 45 64 64 
18 55 46 64 9 64 
18 55 46 64 64 9 
18 56 44 6 62 62 
18 56 44 6 62 62 
18 53 46 64 11 64 
18 53 44 9 62 62 
18 53 44 62 9 62 
18 53 44 9 62 62 
18 53 44 62 9 62 
18 46 20 44 64 64 
18 46 20 44 64 64 
18 46 44 16 62 62 
18 46 44 64 20 64 
18 46 44 64 20 64 
18 46 44 16 62 62 
18 46 44 64 20 64 
18 46 44 64 20 64 
18 46 36 64 64 28 
18 46 16 64 48 64 
18 46 64 22 42 64 
18 46 64 55 9 64 
18 46 64 55 64 9 
18 46 64 35 29 64 
18 46 64 35 64 29 
18 46 64 6 64 58 
18 20 44 44 26 24 
18 20 44 42 62 62 
18 20 44 42 62 62 
18 20 11 9 29 29 
18 20 11 29 29 9 
18 44 15 44 26 29 
18 44 15 44 26 29 
18 44 44 16 26 28 
18 44 44 26 20 24 
18 44 44 26 13 31 
18 44 44 26 35 9 
18 44 44 26 35 9 
18 44 44 26 20 24 
18 44 44 26 21 23 
18 44 44 18 62 62 
18 44 36 26 62 62 
18 44 27 35 62 62 
18 44 16 60 60 42 
18 44 20 42 62 62 
18 44 20 42 62 62 
18 15 45 60 60 42 
18 44 36 26 62 62 
18 44 27 35 62 62 
18 44 16 60 60 42 
18 44 20 42 62 62 
18 44 20 42 62 62 
18 36 60 60 42 24 
18 16 13 11 29 29 
18 20 11 9 29 29 
18 20 11 29 29 9 
18 31 60 29 60 42 
18 31 60 60 42 29 
18 20 11 9 29 29 
18 20 11 29 29 9 
18 11 6 29 29 23 
36 26 19 55 55 29 
36 26 19 55 55 29 
36 26 56 6 62 62 
36 26 53 9 62 62 
36 26 53 62 9 62 
36 26 46 16 62 62 
36 26 20 42 62 62 
36 26 44 18 62 62 
36 26 44 18 62 62 
36 26 36 26 62 62 
36 26 27 35 62 62 
36 26 20 42 62 62 
36 26 20 42 62 62 
36 28 19 55 27 55 
36 28 19 45 64 64 
36 28 55 64 9 64 
36 28 55 64 64 9 
36 28 53 64 11 64 
36 28 46 64 18 64 
36 28 20 44 64 64 
36 28 20 44 64 64 
36 28 44 64 20 64 
36 28 44 64 20 64 
36 28 44 64 20 64 
36 28 44 64 20 64 
36 28 36 64 64 28 
36 28 16 64 48 64 
36 28 64 22 42 64 
36 28 64 55 9 64 
36 28 64 55 64 9 
36 28 64 35 29 64 
36 28 64 35 64 29 
36 28 64 6 64 58 
36 50 15 65 29 65 
36 50 15 65 65 29 
36 13 19 55 55 42 
36 13 20 36 16 23 
36 13 15 36 21 23 
36 13 30 36 6 23 
36 13 36 27 9 23 
36 13 36 27 9 23 
36 13 36 16 20 23 
36 13 36 16 20 23 
36 19 55 46 55 9 
36 19 55 46 55 9 
36 19 55 20 55 35 
36 19 55 44 55 11 
36 19 55 44 55 11 
36 19 55 27 55 28 
36 19 55 26 55 29 
36 19 55 26 55 29 
36 19 55 20 55 35 
36 19 55 55 13 42 
36 19 55 55 31 24 
36 19 55 55 35 20 
36 19 46 65 29 65 
36 19 46 65 65 29 
36 19 45 64 64 28 
36 55 64 9 64 28 
36 55 64 64 28 9 
36 56 65 9 29 65 
36 56 65 9 65 29 
36 56 65 29 65 9 
36 56 65 65 29 9 
36 56 26 6 62 62 
36 53 64 11 64 28 
36 53 26 9 62 62 
36 53 26 62 9 62 
36 46 16 26 62 62 
36 46 64 18 64 28 
36 20 44 64 64 28 
36 20 15 36 16 21 
36 20 44 64 64 28 
36 20 30 36 16 6 
36 20 36 27 16 9 
36 20 36 27 16 9 
36 20 36 16 13 23 
36 20 45 65 29 65 
36 20 45 65 65 29 
36 20 26 42 62 62 
36 44 65 29 65 21 
36 44 65 65 21 29 
36 44 16 60 60 24 
36 44 64 20 64 28 
36 44 64 20 64 28 
36 44 26 18 62 62 
36 15 30 36 6 21 
36 15 36 27 9 21 
36 15 36 27 21 9 
36 15 36 16 20 21 
36 15 36 16 20 21 
36 15 36 13 21 23 
36 15 45 60 60 24 
36 15 65 50 29 65 
36 15 65 50 65 29 
36 44 65 29 65 21 
36 44 65 65 21 29 
36 44 16 60 60 24 
36 44 64 20 64 28 
36 44 64 20 64 28 
36 44 26 18 62 62 
36 30 36 27 6 9 
36 30 36 27 6 9 
36 30 36 16 20 6 
36 30 36 16 20 6 
36 30 36 13 6 23 
36 30 65 35 29 65 
36 30 65 35 65 29 
36 36 27 16 20 9 
36 36 27 16 20 9 
36 36 27 16 20 9 
36 36 27 16 20 9 
36 36 27 13 9 23 
36 36 27 13 9 23 
36 36 65 29 65 29 
36 36 16 20 13 23 
36 36 16 13 20 23 
36 45 65 20 29 65 
36 45 65 20 65 29 
36 45 65 20 29 65 
36 45 65 20 65 29 
36 27 26 35 62 62 
36 65 6 29 65 59 
36 65 6 65 59 29 
36 65 29 65 42 23 
36 65 65 42 29 23 
36 16 64 48 64 28 
36 64 22 42 64 28 
36 64 55 9 64 28 
36 64 55 64 28 9 
36 64 35 29 64 28 
36 64 35 64 28 29 
36 64 6 64 28 58 
36 26 20 42 62 62 
36 26 20 42 62 62 
36 31 60 29 60 24 
36 31 60 60 29 24 
36 60 60 18 42 24 
26 28 50 22 50 24 
26 28 55 27 55 29 
26 28 55 27 55 29 
26 28 44 44 16 18 
26 50 19 31 50 24 
26 50 20 30 50 24 
26 50 44 50 6 24 
26 50 15 50 35 24 
26 50 44 50 6 24 
26 50 30 20 50 24 
26 50 30 50 20 24 
26 50 27 50 24 23 
26 50 22 50 28 24 
26 50 50 29 21 24 
26 50 50 21 29 24 
26 13 55 55 29 42 
26 13 55 55 42 29 
26 13 20 26 13 6 
26 13 44 44 31 18 
26 13 15 26 13 11 
26 13 26 20 13 6 
26 13 26 13 20 6 
26 19 55 36 55 29 
26 19 55 36 55 29 
26 55 46 55 9 29 
26 55 46 55 9 29 
26 55 46 55 29 9 
26 55 46 55 29 9 
26 55 20 55 35 29 
26 55 20 55 35 29 
26 55 44 55 11 29 
26 55 44 55 11 29 
26 55 44 55 11 29 
26 55 44 55 11 29 
26 55 27 55 29 28 
26 55 27 55 28 29 
26 55 26 55 29 29 
26 55 20 55 35 29 
26 55 20 55 35 29 
26 55 55 13 29 42 
26 55 55 13 42 29 
26 55 55 31 29 24 
26 55 55 31 29 24 
26 55 55 35 20 29 
26 55 55 35 20 29 
26 56 36 6 62 62 
26 53 36 9 62 62 
26 53 36 62 9 62 
26 46 36 16 62 62 
26 20 44 44 18 24 
26 20 15 26 11 6 
26 20 36 42 62 62 
26 44 15 44 29 18 
26 44 15 44 18 29 
26 44 44 16 18 28 
26 44 44 20 18 24 
26 44 44 13 31 18 
26 44 44 35 9 18 
26 44 44 35 18 9 
26 44 44 20 18 24 
26 44 44 18 21 23 
26 44 36 18 62 62 
26 15 26 20 11 6 
26 15 26 20 11 6 
26 44 36 18 62 62 
26 36 27 35 62 62 
26 36 20 42 62 62 
26 36 20 42 62 62 
28 50 19 22 31 50 
28 50 20 30 22 50 
28 50 44 22 50 6 
28 50 15 22 50 35 
28 50 44 22 50 6 
28 50 30 20 22 50 
28 50 30 22 50 20 
28 50 27 22 50 23 
28 50 26 22 50 24 
28 50 22 50 29 21 
28 50 22 50 21 29 
28 13 19 15 9 28 
28 13 19 15 28 9 
28 13 55 27 55 42 
28 13 44 44 16 31 
28 13 15 22 6 28 
28 19 55 36 27 55 
28 19 15 13 9 28 
28 19 15 13 28 9 
28 19 36 45 64 64 
28 19 22 6 9 28 
28 19 22 6 28 9 
28 55 46 27 55 9 
28 55 46 27 55 9 
28 55 20 27 55 35 
28 55 44 27 55 11 
28 55 44 27 55 11 
28 55 36 64 9 64 
28 55 36 64 64 9 
28 55 27 26 55 29 
28 55 27 26 55 29 
28 55 27 20 55 35 
28 55 27 55 13 42 
28 55 27 55 31 24 
28 55 27 55 35 20 
28 53 36 64 11 64 
28 46 36 64 18 64 
28 20 44 44 16 24 
28 20 44 36 64 64 
28 20 44 36 64 64 
28 44 15 44 16 29 
28 44 15 44 16 29 
28 44 44 16 26 18 
28 44 44 16 20 24 
28 44 44 16 13 31 
28 44 44 16 35 9 
28 44 44 16 35 9 
28 44 44 16 20 24 
28 44 44 16 21 23 
28 44 36 64 20 64 
28 44 36 64 20 64 
28 15 22 13 6 28 
28 44 36 64 20 64 
28 44 36 64 20 64 
28 36 16 64 48 64 
28 36 64 22 42 64 
28 36 64 55 9 64 
28 36 64 55 64 9 
28 36 64 35 29 64 
28 36 64 35 64 29 
28 36 64 6 64 58 
50 19 46 15 65 65 
50 19 20 30 31 50 
50 19 44 31 50 6 
50 19 15 31 50 35 
50 19 44 31 50 6 
50 19 30 20 31 50 
50 19 30 31 50 20 
50 19 27 31 50 23 
50 19 26 31 50 24 
50 19 22 31 50 28 
50 19 31 50 29 21 
50 19 31 50 21 29 
50 56 15 65 9 65 
50 56 15 65 65 9 
50 20 44 30 50 6 
50 20 15 30 50 35 
50 20 15 45 65 65 
50 20 44 30 50 6 
50 20 30 27 50 23 
50 20 30 26 50 24 
50 20 30 22 50 28 
50 20 30 50 29 21 
50 20 30 50 21 29 
50 44 15 65 65 21 
50 44 15 50 35 6 
50 44 30 20 50 6 
50 44 30 50 20 6 
50 44 27 50 6 23 
50 44 26 50 6 24 
50 44 22 50 6 28 
50 44 50 6 29 21 
50 44 50 6 21 29 
50 15 44 65 65 21 
50 15 44 50 35 6 
50 15 30 65 35 65 
50 15 30 20 50 35 
50 15 30 50 35 20 
50 15 36 65 29 65 
50 15 36 65 65 29 
50 15 45 65 20 65 
50 15 45 65 20 65 
50 15 27 50 35 23 
50 15 65 6 65 59 
50 15 65 65 42 23 
50 15 26 50 35 24 
50 15 22 50 35 28 
50 15 50 35 29 21 
50 15 50 35 21 29 
50 44 30 20 50 6 
50 44 30 50 20 6 
50 44 27 50 6 23 
50 44 26 50 6 24 
50 44 22 50 6 28 
50 44 50 6 29 21 
50 44 50 6 21 29 
50 30 27 20 50 23 
50 30 27 50 20 23 
50 30 26 20 50 24 
50 30 26 50 20 24 
50 30 20 22 50 28 
50 30 20 50 29 21 
50 30 20 50 21 29 
50 30 22 50 20 28 
50 30 50 20 29 21 
50 30 50 20 21 29 
50 27 26 50 24 23 
50 27 22 50 28 23 
50 27 50 29 21 23 
50 27 50 21 29 23 
50 26 22 50 28 24 
50 26 50 29 21 24 
50 26 50 21 29 24 
50 22 50 29 21 28 
50 22 50 21 28 29 
13 19 55 36 55 42 
13 55 46 55 9 42 
13 55 46 55 42 9 
13 55 20 55 35 42 
13 55 44 55 11 42 
13 55 44 55 11 42 
13 55 27 55 42 28 
13 55 26 55 29 42 
13 55 26 55 42 29 
13 55 20 55 35 42 
13 55 55 31 42 24 
13 55 55 35 20 42 
13 20 44 44 31 24 
13 20 16 9 29 29 
13 20 16 29 29 9 
13 44 15 44 31 29 
13 44 15 44 31 29 
13 44 44 16 31 28 
13 44 44 26 31 18 
13 44 44 20 31 24 
13 44 44 31 35 9 
13 44 44 31 35 9 
13 44 44 31 20 24 
13 44 44 31 21 23 
13 16 20 9 29 29 
13 16 20 29 29 9 
13 16 20 9 29 29 
13 16 20 29 29 9 
13 16 11 29 18 29 
13 16 6 29 29 23 
19 55 46 36 55 9 
19 55 46 36 55 9 
19 55 20 36 55 35 
19 55 44 36 55 11 
19 55 44 36 55 11 
19 55 36 27 55 28 
19 55 36 26 55 29 
19 55 36 26 55 29 
19 55 36 20 55 35 
19 55 36 55 13 42 
19 55 36 55 31 24 
19 55 36 55 35 20 
19 55 45 64 9 64 
19 55 45 64 64 9 
19 56 46 65 9 65 
19 56 46 65 65 9 
19 53 45 64 11 64 
19 46 20 45 65 65 
19 46 44 65 65 21 
19 46 15 65 50 65 
19 46 44 65 65 21 
19 46 30 65 35 65 
19 46 36 65 29 65 
19 46 36 65 65 29 
19 46 45 65 20 65 
19 46 45 65 20 65 
19 46 45 64 18 64 
19 46 65 6 65 59 
19 46 65 65 42 23 
19 20 44 45 64 64 
19 20 44 45 64 64 
19 44 45 64 20 64 
19 44 45 64 20 64 
19 44 45 64 20 64 
19 44 45 64 20 64 
19 36 45 64 64 28 
19 45 16 64 48 64 
19 45 64 22 42 64 
19 45 64 55 9 64 
19 45 64 55 64 9 
19 45 64 35 29 64 
19 45 64 35 64 29 
19 45 64 6 64 58 
55 53 64 11 9 64 
55 53 64 11 64 9 
55 46 20 55 35 9 
55 46 20 55 35 9 
55 46 44 55 11 9 
55 46 44 55 11 9 
55 46 44 55 11 9 
55 46 44 55 11 9 
55 46 27 55 9 28 
55 46 27 55 28 9 
55 46 64 9 18 64 
55 46 64 18 64 9 
55 46 26 55 9 29 
55 46 26 55 9 29 
55 46 26 55 29 9 
55 46 26 55 29 9 
55 46 20 55 35 9 
55 46 20 55 35 9 
55 46 55 13 9 42 
55 46 55 13 42 9 
55 46 55 31 9 24 
55 46 55 31 9 24 
55 46 55 35 20 9 
55 46 55 35 20 9 
55 20 44 64 9 64 
55 20 44 64 64 9 
55 20 44 55 35 11 
55 20 44 64 9 64 
55 20 44 64 64 9 
55 20 44 55 35 11 
55 20 27 55 35 28 
55 20 26 55 35 29 
55 20 26 55 35 29 
55 20 55 13 35 42 
55 20 55 31 35 24 
55 44 27 55 11 28 
55 44 64 20 9 64 
55 44 64 20 64 9 
55 44 64 20 9 64 
55 44 64 20 64 9 
55 44 26 55 11 29 
55 44 26 55 11 29 
55 44 20 55 35 11 
55 44 55 13 11 42 
55 44 55 31 11 24 
55 44 55 35 20 11 
55 44 27 55 11 28 
55 44 64 20 9 64 
55 44 64 20 64 9 
55 44 64 20 9 64 
55 44 64 20 64 9 
55 44 26 55 11 29 
55 44 26 55 11 29 
55 44 20 55 35 11 
55 44 55 13 11 42 
55 44 55 31 11 24 
55 44 55 35 20 11 
55 36 64 9 64 28 
55 36 64 64 28 9 
55 27 26 55 29 28 
55 27 26 55 28 29 
55 27 20 55 35 28 
55 27 55 13 42 28 
55 27 55 31 28 24 
55 27 55 35 20 28 
55 16 64 48 9 64 
55 16 64 48 64 9 
55 64 22 9 42 64 
55 64 22 42 64 9 
55 64 55 9 64 9 
55 64 35 9 29 64 
55 64 35 9 64 29 
55 64 35 29 64 9 
55 64 35 64 29 9 
55 64 6 9 64 58 
55 64 6 64 9 58 
55 26 20 55 35 29 
55 26 20 55 35 29 
55 26 55 13 29 42 
55 26 55 13 42 29 
55 26 55 31 29 24 
55 26 55 31 29 24 
55 26 55 35 20 29 
55 26 55 35 20 29 
55 20 55 13 35 42 
55 20 55 31 35 24 
55 55 13 31 42 24 
55 55 13 35 20 42 
55 55 31 35 20 24 
56 53 6 9 62 62 
56 53 6 62 9 62 
56 46 16 6 62 62 
56 20 45 65 9 65 
56 20 45 65 65 9 
56 20 6 42 62 62 
56 44 65 9 65 21 
56 44 65 65 21 9 
56 44 6 18 62 62 
56 15 65 50 9 65 
56 15 65 50 65 9 
56 44 65 9 65 21 
56 44 65 65 21 9 
56 44 6 18 62 62 
56 30 65 35 9 65 
56 30 65 35 65 9 
56 36 65 9 29 65 
56 36 65 9 65 29 
56 36 65 29 65 9 
56 36 65 65 29 9 
56 36 26 6 62 62 
56 45 65 20 9 65 
56 45 65 20 65 9 
56 45 65 20 9 65 
56 45 65 20 65 9 
56 27 35 6 62 62 
56 65 6 9 65 59 
56 65 6 65 59 9 
56 65 9 65 42 23 
56 65 65 42 9 23 
56 20 6 42 62 62 
56 20 6 42 62 62 
53 46 16 9 62 62 
53 46 16 62 9 62 
53 46 64 11 18 64 
53 20 44 64 11 64 
53 20 44 64 11 64 
53 20 9 42 62 62 
53 20 42 62 9 62 
53 44 64 20 11 64 
53 44 64 20 11 64 
53 44 9 18 62 62 
53 44 18 62 9 62 
53 44 64 20 11 64 
53 44 64 20 11 64 
53 44 9 18 62 62 
53 44 18 62 9 62 
53 36 64 11 64 28 
53 36 26 9 62 62 
53 36 26 62 9 62 
53 27 35 9 62 62 
53 27 35 62 9 62 
53 16 64 48 11 64 
53 64 22 11 42 64 
53 64 55 11 9 64 
53 64 55 11 64 9 
53 64 35 11 29 64 
53 64 35 11 64 29 
53 64 11 6 64 58 
53 20 9 42 62 62 
53 20 42 62 9 62 
53 20 9 42 62 62 
53 20 42 62 9 62 
46 20 44 64 18 64 
46 20 44 64 18 64 
46 20 16 42 62 62 
46 44 16 18 62 62 
46 44 64 20 18 64 
46 44 64 20 18 64 
46 44 16 18 62 62 
46 44 64 20 18 64 
46 44 64 20 18 64 
46 36 16 26 62 62 
46 36 64 18 64 28 
46 27 16 35 62 62 
46 16 64 48 18 64 
46 16 20 42 62 62 
46 16 20 42 62 62 
46 64 22 18 42 64 
46 64 55 9 18 64 
46 64 55 18 64 9 
46 64 35 29 18 64 
46 64 35 18 64 29 
46 64 6 18 64 58 
20 44 15 44 29 24 
20 44 15 44 29 24 
20 44 44 16 28 24 
20 44 44 64 20 64 
20 44 44 64 20 64 
20 44 44 26 18 24 
20 44 44 13 31 24 
20 44 44 35 9 24 
20 44 44 35 9 24 
20 44 44 21 24 23 
20 44 36 64 64 28 
20 44 45 65 65 21 
20 44 16 64 48 64 
20 44 64 22 42 64 
20 44 64 55 9 64 
20 44 64 55 64 9 
20 44 64 35 29 64 
20 44 64 35 64 29 
20 44 64 6 64 58 
20 44 18 42 62 62 
20 15 45 65 50 65 
20 44 36 64 64 28 
20 44 45 65 65 21 
20 44 16 64 48 64 
20 44 64 22 42 64 
20 44 64 55 9 64 
20 44 64 55 64 9 
20 44 64 35 29 64 
20 44 64 35 64 29 
20 44 64 6 64 58 
20 44 18 42 62 62 
20 30 45 65 35 65 
20 36 45 65 29 65 
20 36 45 65 65 29 
20 36 26 42 62 62 
20 45 65 6 65 59 
20 45 65 65 42 23 
20 27 35 42 62 62 
20 16 13 9 29 29 
20 16 13 29 29 9 
20 20 9 29 29 9 
20 20 9 29 29 9 
20 11 9 29 18 29 
20 11 29 18 29 9 
20 6 9 29 29 23 
20 6 29 29 9 23 
44 15 44 16 29 28 
44 15 44 16 28 29 
44 15 44 26 29 18 
44 15 44 26 18 29 
44 15 44 20 29 24 
44 15 44 20 29 24 
44 15 44 13 31 29 
44 15 44 13 31 29 
44 15 44 35 9 29 
44 15 44 35 9 29 
44 15 44 35 29 9 
44 15 44 35 29 9 
44 15 44 20 29 24 
44 15 44 20 29 24 
44 15 44 29 21 23 
44 15 44 21 29 23 
44 15 45 16 60 60 
44 15 65 50 65 21 
44 44 16 26 18 28 
44 44 16 20 28 24 
44 44 16 13 31 28 
44 44 16 35 9 28 
44 44 16 35 28 9 
44 44 16 20 28 24 
44 44 16 21 28 23 
44 44 64 20 20 64 
44 44 26 20 18 24 
44 44 26 13 31 18 
44 44 26 35 9 18 
44 44 26 35 18 9 
44 44 26 20 18 24 
44 44 26 18 21 23 
44 44 20 13 31 24 
44 44 20 35 9 24 
44 44 20 35 9 24 
44 44 20 21 24 23 
44 44 13 31 35 9 
44 44 13 31 35 9 
44 44 13 31 20 24 
44 44 13 31 21 23 
44 44 35 20 9 24 
44 44 35 20 9 24 
44 44 35 9 21 23 
44 44 35 21 9 23 
44 44 20 21 24 23 
44 30 65 35 65 21 
44 36 65 29 65 21 
44 36 65 65 21 29 
44 36 16 60 60 24 
44 36 64 20 64 28 
44 36 64 20 64 28 
44 36 26 18 62 62 
44 45 65 20 65 21 
44 45 65 20 65 21 
44 27 35 18 62 62 
44 65 6 65 21 59 
44 65 65 42 21 23 
44 16 64 20 48 64 
44 16 64 48 20 64 
44 16 31 60 29 60 
44 16 31 60 60 29 
44 16 60 60 18 42 
44 64 20 22 42 64 
44 64 20 55 9 64 
44 64 20 55 64 9 
44 64 20 35 29 64 
44 64 20 35 64 29 
44 64 20 6 64 58 
44 64 22 20 42 64 
44 64 55 20 9 64 
44 64 55 20 64 9 
44 64 35 20 29 64 
44 64 35 20 64 29 
44 64 20 6 64 58 
44 20 18 42 62 62 
44 20 18 42 62 62 
15 44 45 16 60 60 
15 44 65 50 65 21 
15 30 65 50 35 65 
15 36 45 60 60 24 
15 36 65 50 29 65 
15 36 65 50 65 29 
15 45 65 20 50 65 
15 45 65 50 20 65 
15 45 31 60 29 60 
15 45 31 60 60 29 
15 45 60 60 18 42 
15 65 50 6 65 59 
15 65 50 65 42 23 
44 30 65 35 65 21 
44 36 65 29 65 21 
44 36 65 65 21 29 
44 36 16 60 60 24 
44 36 64 20 64 28 
44 36 64 20 64 28 
44 36 26 18 62 62 
44 45 65 20 65 21 
44 45 65 20 65 21 
44 27 35 18 62 62 
44 65 6 65 21 59 
44 65 65 42 21 23 
44 16 64 20 48 64 
44 16 64 48 20 64 
44 16 31 60 29 60 
44 16 31 60 60 29 
44 16 60 60 18 42 
44 64 20 22 42 64 
44 64 20 55 9 64 
44 64 20 55 64 9 
44 64 20 35 29 64 
44 64 20 35 64 29 
44 64 20 6 64 58 
44 64 22 20 42 64 
44 64 55 20 9 64 
44 64 55 20 64 9 
44 64 35 20 29 64 
44 64 35 20 64 29 
44 64 20 6 64 58 
44 20 18 42 62 62 
44 20 18 42 62 62 
30 36 65 35 29 65 
30 36 65 35 65 29 
30 45 65 20 35 65 
30 45 65 35 20 65 
30 65 35 6 65 59 
30 65 35 65 42 23 
36 45 65 20 29 65 
36 45 65 20 65 29 
36 45 65 20 29 65 
36 45 65 20 65 29 
36 27 26 35 62 62 
36 65 6 29 65 59 
36 65 6 65 59 29 
36 65 29 65 42 23 
36 65 65 42 29 23 
36 16 64 48 64 28 
36 64 22 42 64 28 
36 64 55 9 64 28 
36 64 55 64 28 9 
36 64 35 29 64 28 
36 64 35 64 28 29 
36 64 6 64 28 58 
36 26 20 42 62 62 
36 26 20 42 62 62 
36 31 60 29 60 24 
36 31 60 60 29 24 
36 60 60 18 42 24 
45 65 20 6 65 59 
45 65 20 65 42 23 
45 65 20 6 65 59 
45 65 20 65 42 23 
27 20 35 42 62 62 
27 35 20 42 62 62 
65 6 65 42 59 23 
16 64 22 48 42 64 
16 64 55 48 9 64 
16 64 55 48 64 9 
16 64 35 48 29 64 
16 64 35 48 64 29 
16 64 48 6 64 58 
16 20 13 9 29 29 
16 20 13 29 29 9 
16 13 20 9 29 29 
16 13 20 29 29 9 
16 13 11 29 18 29 
16 13 6 29 29 23 
64 22 55 9 42 64 
64 22 55 42 64 9 
64 22 35 29 42 64 
64 22 35 42 64 29 
64 22 6 42 64 58 
64 55 35 9 29 64 
64 55 35 9 64 29 
64 55 35 29 64 9 
64 55 35 64 29 9 
64 55 6 9 64 58 
64 55 6 64 9 58 
64 35 6 29 64 58 
64 35 6 64 29 58 
20 20 9 29 29 9 
20 11 9 29 18 29 
20 11 29 18 29 9 
20 6 9 29 29 23 
20 6 29 29 9 23 
31 60 29 60 18 42 
31 60 60 18 42 29 
20 11 9 29 18 29 
20 11 29 18 29 9 
20 6 9 29 29 23 
20 6 29 29 9 23 
11 6 29 18 29 23 
Squares number: 3293
===========================================
Algorithm time: 1.65617
