[0]: 29
[1]: 23
[2]: 22
[3]: 15
[4]: 2
[5]: 8
[6]: 27
[7]: 27
[8]: 26
[9]: 47
[10]: 27
[11]: 5
[12]: 36
[13]: 37
[14]: 8
[15]: 55
[16]: 21
[17]: 12
[18]: 34
[19]: 17
[20]: 46
[21]: 23
[22]: 52
[23]: 29
[24]: 28
[25]: 25
[26]: 45
[27]: 52
[28]: 2
[29]: 8
[30]: 52
[31]: 30
[32]: 30
[33]: 18
[34]: 44
[35]: 31
[36]: 25
[37]: 3
[38]: 45
[39]: 37
[40]: 49
[41]: 16
[42]: 28
[43]: 16
[44]: 52
[45]: 22
[46]: 3
[47]: 4
[48]: 33
[49]: 23
[50]: 20
[51]: 11
[52]: 46
[53]: 16
[54]: 39
===========================================
29 23 22 52 52 30 
29 23 22 52 52 30 
29 23 22 52 52 30 
29 23 22 52 52 30 
29 23 22 52 30 52 
29 23 22 52 30 52 
29 23 22 45 45 16 
29 23 22 45 45 16 
29 23 22 45 45 16 
29 23 22 52 52 30 
29 23 22 52 52 30 
29 23 22 52 30 52 
29 23 22 52 30 52 
29 23 22 52 30 52 
29 23 22 52 30 52 
29 23 15 37 52 52 
29 23 15 37 52 52 
29 23 15 37 52 52 
29 23 15 37 52 52 
29 23 15 37 52 52 
29 23 15 37 52 52 
29 23 15 52 52 37 
29 23 15 52 52 37 
29 23 15 52 37 52 
29 23 15 52 52 37 
29 23 15 52 37 52 
29 23 15 52 37 52 
29 23 8 52 52 44 
29 23 8 52 52 44 
29 23 8 52 44 52 
29 23 8 52 52 44 
29 23 8 52 44 52 
29 23 8 52 44 52 
29 23 27 52 25 52 
29 23 27 52 25 52 
29 23 27 52 25 52 
29 23 27 52 52 25 
29 23 27 52 52 25 
29 23 27 52 25 52 
29 23 27 25 52 52 
29 23 27 25 52 52 
29 23 27 25 52 52 
29 23 27 52 52 25 
29 23 27 52 25 52 
29 23 27 52 25 52 
29 23 27 52 25 52 
29 23 27 52 25 52 
29 23 27 52 25 52 
29 23 27 52 52 25 
29 23 27 52 52 25 
29 23 27 52 25 52 
29 23 27 25 52 52 
29 23 27 25 52 52 
29 23 27 25 52 52 
29 23 27 52 52 25 
29 23 27 52 25 52 
29 23 27 52 25 52 
29 23 47 5 52 52 
29 23 47 5 52 52 
29 23 47 5 52 52 
29 23 47 5 52 52 
29 23 47 5 52 52 
29 23 47 5 52 52 
29 23 27 52 25 52 
29 23 27 52 25 52 
29 23 27 52 25 52 
29 23 27 52 52 25 
29 23 27 52 52 25 
29 23 27 52 25 52 
29 23 27 25 52 52 
29 23 27 25 52 52 
29 23 27 25 52 52 
29 23 27 52 52 25 
29 23 27 52 25 52 
29 23 27 52 25 52 
29 23 36 52 52 16 
29 23 36 52 52 16 
29 23 36 52 52 16 
29 23 36 52 52 16 
29 23 36 52 52 16 
29 23 36 52 52 16 
29 23 36 52 16 52 
29 23 36 52 16 52 
29 23 36 52 52 16 
29 23 36 52 52 16 
29 23 36 52 52 16 
29 23 36 52 52 16 
29 23 36 52 16 52 
29 23 36 52 16 52 
29 23 36 52 52 16 
29 23 36 52 16 52 
29 23 36 52 16 52 
29 23 36 52 52 16 
29 23 8 52 52 44 
29 23 8 52 52 44 
29 23 8 52 44 52 
29 23 8 52 52 44 
29 23 8 52 44 52 
29 23 8 52 44 52 
29 23 21 52 52 31 
29 23 21 52 52 31 
29 23 21 52 31 52 
29 23 21 52 52 31 
29 23 21 52 31 52 
29 23 21 52 31 52 
29 23 34 52 52 18 
29 23 34 52 52 18 
29 23 34 52 18 52 
29 23 34 52 52 18 
29 23 34 52 18 52 
29 23 34 52 18 52 
29 23 17 46 23 46 
29 23 17 46 23 46 
29 23 23 52 29 52 
29 23 23 52 29 52 
29 23 23 52 29 52 
29 23 23 29 52 52 
29 23 23 29 52 52 
29 23 23 29 52 52 
29 23 52 29 52 23 
29 23 52 29 52 23 
29 23 52 29 52 23 
29 23 52 52 8 44 
29 23 52 52 30 22 
29 23 52 52 30 22 
29 23 52 52 3 49 
29 23 52 52 49 3 
29 23 52 8 52 44 
29 23 52 8 44 52 
29 23 52 52 30 22 
29 23 52 52 30 22 
29 23 52 52 3 49 
29 23 52 52 49 3 
29 23 52 30 52 22 
29 23 52 30 52 22 
29 23 52 3 49 52 
29 23 52 49 52 3 
29 23 29 52 52 23 
29 23 29 52 52 23 
29 23 29 52 52 23 
29 23 45 45 16 22 
29 23 45 45 16 22 
29 23 45 45 22 16 
29 23 52 8 52 44 
29 23 52 8 44 52 
29 23 52 52 30 22 
29 23 52 52 30 22 
29 23 52 52 3 49 
29 23 52 52 49 3 
29 23 52 30 52 22 
29 23 52 30 52 22 
29 23 52 3 49 52 
29 23 52 49 52 3 
29 23 8 52 44 52 
29 23 52 30 52 22 
29 23 52 30 52 22 
29 23 52 3 49 52 
29 23 52 49 52 3 
29 22 15 8 37 37 
29 22 15 37 8 37 
29 22 15 37 8 37 
29 22 23 52 52 30 
29 22 23 52 52 30 
29 22 23 52 52 30 
29 22 23 52 52 30 
29 22 23 52 30 52 
29 22 23 52 30 52 
29 22 23 45 45 16 
29 22 23 45 45 16 
29 22 23 45 45 16 
29 22 23 52 52 30 
29 22 23 52 52 30 
29 22 23 52 30 52 
29 22 23 52 30 52 
29 22 23 52 30 52 
29 22 23 52 30 52 
29 22 52 52 30 23 
29 22 52 52 30 23 
29 22 52 52 30 23 
29 22 52 52 30 23 
29 22 52 30 52 23 
29 22 52 30 52 23 
29 22 45 45 16 23 
29 22 45 45 16 23 
29 22 45 45 23 16 
29 22 52 52 30 23 
29 22 52 52 30 23 
29 22 52 30 52 23 
29 22 52 30 52 23 
29 22 52 30 52 23 
29 22 52 30 52 23 
29 15 8 37 37 22 
29 15 8 52 52 52 
29 15 8 52 52 52 
29 15 8 52 52 52 
29 15 8 52 52 52 
29 15 37 8 37 22 
29 15 37 23 52 52 
29 15 37 23 52 52 
29 15 37 23 52 52 
29 15 37 23 52 52 
29 15 37 23 52 52 
29 15 37 23 52 52 
29 15 37 52 52 23 
29 15 37 52 52 23 
29 15 37 52 52 23 
29 15 37 52 52 23 
29 15 37 52 52 23 
29 15 37 8 37 22 
29 15 37 52 52 23 
29 15 8 52 52 52 
29 15 8 52 52 52 
29 15 8 52 52 52 
29 15 8 52 52 52 
29 15 17 46 31 46 
29 15 23 52 52 37 
29 15 23 52 52 37 
29 15 23 52 37 52 
29 15 23 52 52 37 
29 15 23 52 37 52 
29 15 23 52 37 52 
29 15 52 52 8 52 
29 15 52 52 8 52 
29 15 52 52 37 23 
29 15 52 8 52 52 
29 15 52 52 37 23 
29 15 52 37 52 23 
29 15 45 30 45 16 
29 15 45 30 45 16 
29 15 45 30 45 16 
29 15 45 30 45 16 
29 15 45 30 45 16 
29 15 45 30 45 16 
29 15 52 8 52 52 
29 15 52 52 37 23 
29 15 52 37 52 23 
29 15 52 37 52 23 
29 2 8 27 21 29 
29 2 8 27 21 29 
29 2 8 27 21 29 
29 2 27 27 29 2 
29 2 27 26 29 3 
29 2 27 26 29 3 
29 2 27 27 29 2 
29 2 27 8 21 29 
29 2 27 21 29 8 
29 2 27 12 17 29 
29 2 27 29 25 4 
29 2 27 29 18 11 
29 2 27 29 25 4 
29 2 27 26 29 3 
29 2 27 26 29 3 
29 2 27 27 29 2 
29 2 27 8 21 29 
29 2 27 21 29 8 
29 2 27 12 17 29 
29 2 27 29 25 4 
29 2 27 29 18 11 
29 2 27 29 25 4 
29 2 26 27 29 3 
29 2 26 27 29 3 
29 2 27 8 21 29 
29 2 27 21 29 8 
29 2 27 12 17 29 
29 2 27 29 25 4 
29 2 27 29 18 11 
29 2 27 29 25 4 
29 2 21 52 52 52 
29 2 21 52 52 52 
29 2 21 52 52 52 
29 2 21 52 52 52 
29 2 17 46 44 46 
29 8 27 21 29 2 
29 8 27 21 29 2 
29 8 26 37 37 11 
29 8 26 21 29 3 
29 8 26 21 29 3 
29 8 27 21 29 2 
29 8 37 8 29 37 
29 8 37 21 37 16 
29 8 37 21 37 16 
29 8 37 21 37 16 
29 8 37 12 25 37 
29 8 37 12 25 37 
29 8 37 34 3 37 
29 8 37 34 37 3 
29 8 37 17 37 20 
29 8 37 29 8 37 
29 8 37 45 45 16 
29 8 37 45 45 16 
29 8 37 45 45 16 
29 8 37 37 4 33 
29 8 21 12 17 29 
29 8 21 29 25 4 
29 8 21 29 18 11 
29 8 21 29 25 4 
29 8 23 52 52 44 
29 8 23 52 52 44 
29 8 23 52 44 52 
29 8 23 52 52 44 
29 8 23 52 44 52 
29 8 23 52 44 52 
29 8 52 52 44 23 
29 8 52 52 44 23 
29 8 52 44 52 23 
29 8 45 45 37 16 
29 8 45 45 37 16 
29 8 45 45 37 16 
29 8 52 52 44 23 
29 8 52 44 52 23 
29 8 52 44 52 23 
29 27 26 29 2 3 
29 27 26 29 2 3 
29 27 8 21 29 2 
29 27 21 29 2 8 
29 27 12 17 29 2 
29 27 23 52 25 52 
29 27 23 52 25 52 
29 27 23 52 25 52 
29 27 23 52 52 25 
29 27 23 52 52 25 
29 27 23 52 25 52 
29 27 23 25 52 52 
29 27 23 25 52 52 
29 27 23 25 52 52 
29 27 23 52 52 25 
29 27 23 52 25 52 
29 27 23 52 25 52 
29 27 52 25 52 23 
29 27 52 25 52 23 
29 27 52 25 52 23 
29 27 52 52 25 23 
29 27 52 52 25 23 
29 27 52 25 52 23 
29 27 29 25 2 4 
29 27 29 2 18 11 
29 27 29 2 25 4 
29 27 25 52 52 23 
29 27 25 52 52 23 
29 27 25 52 52 23 
29 27 45 18 45 16 
29 27 45 18 45 16 
29 27 45 18 45 16 
29 27 52 52 25 23 
29 27 52 25 52 23 
29 27 52 25 52 23 
29 27 26 29 2 3 
29 27 26 29 2 3 
29 27 8 21 29 2 
29 27 21 29 2 8 
29 27 12 17 29 2 
29 27 23 52 25 52 
29 27 23 52 25 52 
29 27 23 52 25 52 
29 27 23 52 52 25 
29 27 23 52 52 25 
29 27 23 52 25 52 
29 27 23 25 52 52 
29 27 23 25 52 52 
29 27 23 25 52 52 
29 27 23 52 52 25 
29 27 23 52 25 52 
29 27 23 52 25 52 
29 27 52 25 52 23 
29 27 52 25 52 23 
29 27 52 25 52 23 
29 27 52 52 25 23 
29 27 52 52 25 23 
29 27 52 25 52 23 
29 27 29 25 2 4 
29 27 29 2 18 11 
29 27 29 2 25 4 
29 27 25 52 52 23 
29 27 25 52 52 23 
29 27 25 52 52 23 
29 27 45 18 45 16 
29 27 45 18 45 16 
29 27 45 18 45 16 
29 27 52 52 25 23 
29 27 52 25 52 23 
29 27 52 25 52 23 
29 26 27 29 2 3 
29 26 27 29 2 3 
29 26 37 8 37 11 
29 26 37 8 37 11 
29 26 8 21 29 3 
29 26 8 21 29 3 
29 26 21 29 8 3 
29 26 21 29 8 3 
29 26 12 17 29 3 
29 26 12 17 29 3 
29 26 17 46 20 46 
29 26 29 25 3 4 
29 26 29 25 3 4 
29 26 29 18 3 11 
29 26 29 18 3 11 
29 26 29 25 3 4 
29 26 29 25 3 4 
29 47 5 23 52 52 
29 47 5 23 52 52 
29 47 5 23 52 52 
29 47 5 23 52 52 
29 47 5 23 52 52 
29 47 5 23 52 52 
29 47 5 52 52 23 
29 47 5 52 52 23 
29 47 5 52 52 23 
29 47 5 52 52 23 
29 47 5 52 52 23 
29 47 5 52 52 23 
29 27 8 21 29 2 
29 27 21 29 2 8 
29 27 12 17 29 2 
29 27 23 52 25 52 
29 27 23 52 25 52 
29 27 23 52 25 52 
29 27 23 52 52 25 
29 27 23 52 52 25 
29 27 23 52 25 52 
29 27 23 25 52 52 
29 27 23 25 52 52 
29 27 23 25 52 52 
29 27 23 52 52 25 
29 27 23 52 25 52 
29 27 23 52 25 52 
29 27 52 25 52 23 
29 27 52 25 52 23 
29 27 52 25 52 23 
29 27 52 52 25 23 
29 27 52 52 25 23 
29 27 52 25 52 23 
29 27 29 25 2 4 
29 27 29 2 18 11 
29 27 29 2 25 4 
29 27 25 52 52 23 
29 27 25 52 52 23 
29 27 25 52 52 23 
29 27 45 18 45 16 
29 27 45 18 45 16 
29 27 45 18 45 16 
29 27 52 52 25 23 
29 27 52 25 52 23 
29 27 52 25 52 23 
29 5 52 52 52 18 
29 5 52 52 18 52 
29 5 52 52 18 52 
29 5 52 52 18 52 
29 36 23 52 52 16 
29 36 23 52 52 16 
29 36 23 52 52 16 
29 36 23 52 52 16 
29 36 23 52 52 16 
29 36 23 52 52 16 
29 36 23 52 16 52 
29 36 23 52 16 52 
29 36 23 52 52 16 
29 36 23 52 52 16 
29 36 23 52 52 16 
29 36 23 52 52 16 
29 36 23 52 16 52 
29 36 23 52 16 52 
29 36 23 52 52 16 
29 36 23 52 16 52 
29 36 23 52 16 52 
29 36 23 52 52 16 
29 36 52 52 16 23 
29 36 52 52 16 23 
29 36 52 52 23 16 
29 36 52 52 16 23 
29 36 52 52 16 23 
29 36 52 52 23 16 
29 36 52 16 52 23 
29 36 52 16 52 23 
29 36 52 52 23 16 
29 36 52 52 16 23 
29 36 52 52 16 23 
29 36 52 52 23 16 
29 36 52 16 52 23 
29 36 52 16 52 23 
29 36 52 52 23 16 
29 36 52 16 52 23 
29 36 52 16 52 23 
29 36 52 52 23 16 
29 37 8 21 37 16 
29 37 8 21 37 16 
29 37 8 21 37 16 
29 37 8 12 25 37 
29 37 8 12 25 37 
29 37 8 34 3 37 
29 37 8 34 37 3 
29 37 8 17 37 20 
29 37 8 29 8 37 
29 37 8 45 45 16 
29 37 8 45 45 16 
29 37 8 45 45 16 
29 37 8 37 4 33 
29 37 21 8 37 16 
29 37 21 8 37 16 
29 37 21 8 37 16 
29 37 12 25 8 37 
29 37 12 8 25 37 
29 37 34 8 3 37 
29 37 34 8 37 3 
29 37 17 8 37 20 
29 37 45 8 45 16 
29 37 45 8 45 16 
29 37 45 8 45 16 
29 37 8 37 4 33 
29 8 21 12 17 29 
29 8 21 29 25 4 
29 8 21 29 18 11 
29 8 21 29 25 4 
29 8 23 52 52 44 
29 8 23 52 52 44 
29 8 23 52 44 52 
29 8 23 52 52 44 
29 8 23 52 44 52 
29 8 23 52 44 52 
29 8 52 52 44 23 
29 8 52 52 44 23 
29 8 52 44 52 23 
29 8 45 45 37 16 
29 8 45 45 37 16 
29 8 45 45 37 16 
29 8 52 52 44 23 
29 8 52 44 52 23 
29 8 52 44 52 23 
29 21 12 17 29 8 
29 21 17 46 25 46 
29 21 17 46 25 46 
29 21 23 52 52 31 
29 21 23 52 52 31 
29 21 23 52 31 52 
29 21 23 52 52 31 
29 21 23 52 31 52 
29 21 23 52 31 52 
29 21 52 52 2 52 
29 21 52 52 2 52 
29 21 52 52 31 23 
29 21 52 2 52 52 
29 21 52 52 31 23 
29 21 52 31 52 23 
29 21 29 25 8 4 
29 21 29 8 18 11 
29 21 29 8 25 4 
29 21 52 2 52 52 
29 21 52 52 31 23 
29 21 52 31 52 23 
29 21 52 31 52 23 
29 12 34 17 46 46 
29 12 17 29 25 4 
29 12 17 29 18 11 
29 12 17 29 25 4 
29 12 52 52 52 11 
29 12 52 52 52 11 
29 12 52 52 52 11 
29 12 45 45 16 33 
29 12 45 45 16 33 
29 12 45 45 33 16 
29 12 52 52 52 11 
29 34 23 52 52 18 
29 34 23 52 52 18 
29 34 23 52 18 52 
29 34 23 52 52 18 
29 34 23 52 18 52 
29 34 23 52 18 52 
29 34 52 52 18 23 
29 34 52 52 18 23 
29 34 52 18 52 23 
29 34 45 45 16 11 
29 34 45 45 16 11 
29 34 45 45 11 16 
29 34 52 52 18 23 
29 34 52 18 52 23 
29 34 52 18 52 23 
29 17 46 23 23 46 
29 17 46 28 18 46 
29 17 46 2 44 46 
29 17 46 30 16 46 
29 17 46 30 16 46 
29 17 46 30 46 16 
29 17 46 30 16 46 
29 17 46 30 16 46 
29 17 46 30 46 16 
29 17 46 18 28 46 
29 17 28 45 45 16 
29 17 28 45 45 16 
29 17 28 45 45 16 
29 17 45 45 16 28 
29 17 45 45 28 16 
29 17 45 45 28 16 
29 23 52 29 52 23 
29 23 52 29 52 23 
29 23 52 29 52 23 
29 23 52 52 8 44 
29 23 52 52 30 22 
29 23 52 52 30 22 
29 23 52 52 3 49 
29 23 52 52 49 3 
29 23 52 8 52 44 
29 23 52 8 44 52 
29 23 52 52 30 22 
29 23 52 52 30 22 
29 23 52 52 3 49 
29 23 52 52 49 3 
29 23 52 30 52 22 
29 23 52 30 52 22 
29 23 52 3 49 52 
29 23 52 49 52 3 
29 23 29 52 52 23 
29 23 29 52 52 23 
29 23 29 52 52 23 
29 23 45 45 16 22 
29 23 45 45 16 22 
29 23 45 45 22 16 
29 23 52 8 52 44 
29 23 52 8 44 52 
29 23 52 52 30 22 
29 23 52 52 30 22 
29 23 52 52 3 49 
29 23 52 52 49 3 
29 23 52 30 52 22 
29 23 52 30 52 22 
29 23 52 3 49 52 
29 23 52 49 52 3 
29 23 8 52 44 52 
29 23 52 30 52 22 
29 23 52 30 52 22 
29 23 52 3 49 52 
29 23 52 49 52 3 
29 52 52 8 44 23 
29 52 52 52 3 20 
29 52 52 52 3 20 
29 52 52 30 22 23 
29 52 52 30 22 23 
29 52 52 3 49 23 
29 52 52 3 52 20 
29 52 52 49 3 23 
29 52 52 52 3 20 
29 52 8 52 44 23 
29 52 8 44 52 23 
29 52 52 30 22 23 
29 52 52 30 22 23 
29 52 52 3 49 23 
29 52 52 3 52 20 
29 52 52 49 3 23 
29 52 52 52 3 20 
29 52 30 52 22 23 
29 52 30 52 22 23 
29 52 3 49 52 23 
29 52 49 52 3 23 
29 29 25 18 4 11 
29 29 45 45 16 16 
29 29 45 45 16 16 
29 29 45 45 16 16 
29 29 18 25 4 11 
29 25 45 45 16 20 
29 25 45 45 16 20 
29 25 45 45 20 16 
29 45 8 45 37 16 
29 45 8 45 37 16 
29 45 8 45 37 16 
29 45 25 45 16 20 
29 45 25 45 16 20 
29 45 25 45 20 16 
29 45 45 16 22 23 
29 45 45 16 22 23 
29 45 45 22 23 16 
29 52 8 52 44 23 
29 52 8 44 52 23 
29 52 52 30 22 23 
29 52 52 30 22 23 
29 52 52 3 49 23 
29 52 52 3 52 20 
29 52 52 49 3 23 
29 52 52 52 3 20 
29 52 30 52 22 23 
29 52 30 52 22 23 
29 52 3 49 52 23 
29 52 49 52 3 23 
29 8 52 44 52 23 
29 52 30 52 22 23 
29 52 30 52 22 23 
29 52 3 49 52 23 
29 52 49 52 3 23 
23 22 15 45 30 45 
23 22 15 45 30 45 
23 22 2 25 25 3 
23 22 2 25 25 3 
23 22 8 37 45 45 
23 22 8 45 45 37 
23 22 27 27 5 4 
23 22 27 27 5 4 
23 22 27 45 18 45 
23 22 27 27 5 4 
23 22 27 45 18 45 
23 22 27 45 18 45 
23 22 37 8 45 45 
23 22 37 45 8 45 
23 22 8 45 45 37 
23 22 12 45 45 33 
23 22 34 45 45 11 
23 22 17 28 45 45 
23 22 17 45 45 28 
23 22 23 45 45 22 
23 22 52 29 52 30 
23 22 52 29 52 30 
23 22 52 29 52 30 
23 22 52 29 52 30 
23 22 52 29 30 52 
23 22 52 29 30 52 
23 22 29 45 45 16 
23 22 29 45 45 16 
23 22 29 45 45 16 
23 22 29 52 52 30 
23 22 29 52 52 30 
23 22 29 52 30 52 
23 22 29 52 30 52 
23 22 29 52 30 52 
23 22 29 52 30 52 
23 22 25 45 45 20 
23 22 25 2 25 3 
23 22 25 2 25 3 
23 22 45 8 45 37 
23 22 45 25 45 20 
23 22 45 45 22 23 
23 15 2 8 21 23 
23 15 2 8 21 23 
23 15 2 8 21 23 
23 15 2 8 21 23 
23 15 2 21 23 8 
23 15 2 21 8 23 
23 15 8 5 23 18 
23 15 8 5 18 23 
23 15 8 21 23 2 
23 15 8 21 2 23 
23 15 8 12 23 11 
23 15 8 12 23 11 
23 15 8 23 3 20 
23 15 8 23 3 20 
23 15 8 3 23 20 
23 15 8 3 23 20 
23 15 27 27 12 4 
23 15 27 27 12 4 
23 15 27 27 12 4 
23 15 5 8 23 18 
23 15 5 8 18 23 
23 15 5 23 8 18 
23 15 5 23 3 23 
23 15 5 23 3 23 
23 15 5 8 18 23 
23 15 37 52 29 52 
23 15 37 52 29 52 
23 15 37 52 29 52 
23 15 37 29 52 52 
23 15 37 29 52 52 
23 15 37 29 52 52 
23 15 8 21 23 2 
23 15 8 21 2 23 
23 15 8 12 23 11 
23 15 8 12 23 11 
23 15 8 23 3 20 
23 15 8 23 3 20 
23 15 8 3 23 20 
23 15 8 3 23 20 
23 15 21 23 2 8 
23 15 21 2 8 23 
23 15 12 23 8 11 
23 15 12 8 23 11 
23 15 46 23 31 46 
23 15 46 31 23 46 
23 15 23 8 3 20 
23 15 23 8 3 20 
23 15 52 29 52 37 
23 15 52 29 52 37 
23 15 52 29 37 52 
23 15 29 52 52 37 
23 15 29 52 37 52 
23 15 29 52 37 52 
23 15 45 30 45 22 
23 15 45 30 45 22 
23 15 8 3 23 20 
23 15 8 3 23 20 
23 2 8 17 25 25 
23 2 27 27 27 2 
23 2 27 27 25 4 
23 2 27 27 25 4 
23 2 27 27 25 4 
23 2 27 27 25 4 
23 2 27 52 52 52 
23 2 27 52 52 52 
23 2 27 52 52 52 
23 2 27 52 52 52 
23 2 27 27 25 4 
23 2 27 27 25 4 
23 2 27 52 52 52 
23 2 27 52 52 52 
23 2 27 52 52 52 
23 2 27 52 52 52 
23 2 26 5 28 28 
23 2 27 52 52 52 
23 2 27 52 52 52 
23 2 27 52 52 52 
23 2 27 52 52 52 
23 2 5 21 23 18 
23 2 5 21 18 23 
23 2 5 23 16 23 
23 2 5 23 16 23 
23 2 5 23 23 16 
23 2 5 25 25 20 
23 2 8 17 25 25 
23 2 21 12 23 11 
23 2 21 12 23 11 
23 2 21 23 3 20 
23 2 21 23 3 20 
23 2 21 25 25 4 
23 2 21 3 23 20 
23 2 21 3 23 20 
23 2 17 23 4 23 
23 2 17 25 8 25 
23 2 46 23 44 46 
23 2 46 44 23 46 
23 2 23 25 2 25 
23 2 23 18 3 23 
23 2 23 18 3 23 
23 2 25 2 25 23 
23 2 25 25 3 22 
23 2 25 25 22 3 
23 8 5 28 28 20 
23 8 37 45 45 22 
23 8 21 52 52 52 
23 8 21 52 52 52 
23 8 21 52 52 52 
23 8 21 52 52 52 
23 8 12 23 3 23 
23 8 12 23 3 23 
23 8 17 25 2 25 
23 8 23 4 23 11 
23 8 52 29 52 44 
23 8 52 29 52 44 
23 8 52 29 44 52 
23 8 29 52 52 44 
23 8 29 52 44 52 
23 8 29 52 44 52 
23 8 45 45 37 22 
23 27 27 5 22 4 
23 27 27 25 2 4 
23 27 27 2 25 4 
23 27 27 16 4 11 
23 27 27 16 4 11 
23 27 27 4 11 16 
23 27 27 5 22 4 
23 27 27 25 2 4 
23 27 27 2 25 4 
23 27 27 16 4 11 
23 27 27 16 4 11 
23 27 27 4 11 16 
23 27 52 29 25 52 
23 27 52 29 25 52 
23 27 52 29 25 52 
23 27 52 29 52 25 
23 27 52 29 52 25 
23 27 52 29 25 52 
23 27 52 52 2 52 
23 27 52 52 2 52 
23 27 52 2 52 52 
23 27 29 25 52 52 
23 27 29 25 52 52 
23 27 29 25 52 52 
23 27 29 52 52 25 
23 27 29 52 25 52 
23 27 29 52 25 52 
23 27 45 18 45 22 
23 27 52 2 52 52 
23 27 27 5 22 4 
23 27 27 25 2 4 
23 27 27 2 25 4 
23 27 27 16 4 11 
23 27 27 16 4 11 
23 27 27 4 11 16 
23 27 52 29 25 52 
23 27 52 29 25 52 
23 27 52 29 25 52 
23 27 52 29 52 25 
23 27 52 29 52 25 
23 27 52 29 25 52 
23 27 52 52 2 52 
23 27 52 52 2 52 
23 27 52 2 52 52 
23 27 29 25 52 52 
23 27 29 25 52 52 
23 27 29 25 52 52 
23 27 29 52 52 25 
23 27 29 52 25 52 
23 27 29 52 25 52 
23 27 45 18 45 22 
23 27 52 2 52 52 
23 26 5 28 2 28 
23 26 46 23 20 46 
23 26 46 23 20 46 
23 26 52 52 52 3 
23 26 52 52 52 3 
23 26 52 52 3 52 
23 26 52 52 52 3 
23 26 52 52 3 52 
23 26 52 52 52 3 
23 26 52 52 3 52 
23 26 52 52 52 3 
23 47 5 52 29 52 
23 47 5 52 29 52 
23 47 5 52 29 52 
23 47 5 29 52 52 
23 47 5 29 52 52 
23 47 5 29 52 52 
23 27 52 29 25 52 
23 27 52 29 25 52 
23 27 52 29 25 52 
23 27 52 29 52 25 
23 27 52 29 52 25 
23 27 52 29 25 52 
23 27 52 52 2 52 
23 27 52 52 2 52 
23 27 52 2 52 52 
23 27 29 25 52 52 
23 27 29 25 52 52 
23 27 29 25 52 52 
23 27 29 52 52 25 
23 27 29 52 25 52 
23 27 29 52 25 52 
23 27 45 18 45 22 
23 27 52 2 52 52 
23 5 8 28 28 20 
23 5 21 23 2 18 
23 5 21 2 18 23 
23 5 12 23 18 11 
23 5 12 28 16 28 
23 5 12 28 28 16 
23 5 12 28 28 16 
23 5 12 18 23 11 
23 5 17 28 28 11 
23 5 23 2 16 23 
23 5 23 2 16 23 
23 5 23 2 23 16 
23 5 23 18 3 20 
23 5 23 18 3 20 
23 5 28 25 3 28 
23 5 28 25 28 3 
23 5 28 8 28 20 
23 5 28 25 3 28 
23 5 28 25 28 3 
23 5 25 2 25 20 
23 5 18 3 23 20 
23 5 18 3 23 20 
23 36 52 29 52 16 
23 36 52 29 52 16 
23 36 52 29 52 16 
23 36 52 29 52 16 
23 36 52 29 52 16 
23 36 52 29 52 16 
23 36 52 29 16 52 
23 36 52 29 16 52 
23 36 52 29 52 16 
23 36 29 52 52 16 
23 36 29 52 52 16 
23 36 29 52 52 16 
23 36 29 52 16 52 
23 36 29 52 16 52 
23 36 29 52 52 16 
23 36 29 52 16 52 
23 36 29 52 16 52 
23 36 29 52 52 16 
23 37 8 45 45 22 
23 37 45 8 45 22 
23 8 21 52 52 52 
23 8 21 52 52 52 
23 8 21 52 52 52 
23 8 21 52 52 52 
23 8 12 23 3 23 
23 8 12 23 3 23 
23 8 17 25 2 25 
23 8 23 4 23 11 
23 8 52 29 52 44 
23 8 52 29 52 44 
23 8 52 29 44 52 
23 8 29 52 52 44 
23 8 29 52 44 52 
23 8 29 52 44 52 
23 8 45 45 37 22 
23 21 12 23 2 11 
23 21 12 2 23 11 
23 21 46 23 25 46 
23 21 46 23 25 46 
23 21 46 25 23 46 
23 21 46 25 23 46 
23 21 23 2 3 20 
23 21 23 2 3 20 
23 21 52 29 52 31 
23 21 52 29 52 31 
23 21 52 29 31 52 
23 21 52 52 8 52 
23 21 52 52 8 52 
23 21 52 8 52 52 
23 21 29 52 52 31 
23 21 29 52 31 52 
23 21 29 52 31 52 
23 21 25 2 25 4 
23 21 52 8 52 52 
23 21 2 3 23 20 
23 21 2 3 23 20 
23 12 34 46 23 46 
23 12 34 46 23 46 
23 12 17 52 52 52 
23 12 17 52 52 52 
23 12 17 52 52 52 
23 12 17 52 52 52 
23 12 23 8 3 23 
23 12 23 8 3 23 
23 12 23 3 20 11 
23 12 23 3 20 11 
23 12 45 45 22 33 
23 12 3 23 20 11 
23 12 3 23 20 11 
23 34 52 29 52 18 
23 34 52 29 52 18 
23 34 52 29 18 52 
23 34 29 52 52 18 
23 34 29 52 18 52 
23 34 29 52 18 52 
23 34 45 45 22 11 
23 17 46 23 29 46 
23 17 46 29 23 46 
23 17 23 2 4 23 
23 17 23 3 3 23 
23 17 28 45 45 22 
23 17 25 2 8 25 
23 17 45 45 28 22 
23 46 23 28 18 46 
23 46 23 2 44 46 
23 46 23 30 16 46 
23 46 23 30 16 46 
23 46 23 30 46 16 
23 46 23 30 16 46 
23 46 23 30 16 46 
23 46 23 30 46 16 
23 46 23 18 28 46 
23 46 28 18 23 46 
23 46 2 44 23 46 
23 46 30 16 23 46 
23 46 30 16 23 46 
23 46 30 23 46 16 
23 46 30 16 23 46 
23 46 30 16 23 46 
23 46 30 23 46 16 
23 46 18 28 23 46 
23 23 2 18 3 23 
23 23 2 18 3 23 
23 23 8 4 23 11 
23 23 3 16 4 23 
23 23 3 16 4 23 
23 23 3 4 23 16 
23 23 16 3 4 23 
23 23 16 3 4 23 
23 23 3 4 23 16 
23 52 29 52 8 44 
23 52 29 52 30 22 
23 52 29 52 30 22 
23 52 29 52 3 49 
23 52 29 52 49 3 
23 52 29 8 52 44 
23 52 29 8 44 52 
23 52 29 52 30 22 
23 52 29 52 30 22 
23 52 29 52 3 49 
23 52 29 52 49 3 
23 52 29 30 52 22 
23 52 29 30 52 22 
23 52 29 3 49 52 
23 52 29 49 52 3 
23 52 25 52 52 4 
23 52 25 52 52 4 
23 52 25 52 52 4 
23 52 52 52 18 11 
23 52 52 52 25 4 
23 52 52 18 52 11 
23 52 52 25 52 4 
23 52 52 18 52 11 
23 52 52 25 52 4 
23 29 45 45 16 22 
23 29 45 45 16 22 
23 29 45 45 22 16 
23 29 52 8 52 44 
23 29 52 8 44 52 
23 29 52 52 30 22 
23 29 52 52 30 22 
23 29 52 52 3 49 
23 29 52 52 49 3 
23 29 52 30 52 22 
23 29 52 30 52 22 
23 29 52 3 49 52 
23 29 52 49 52 3 
23 29 8 52 44 52 
23 29 52 30 52 22 
23 29 52 30 52 22 
23 29 52 3 49 52 
23 29 52 49 52 3 
23 25 45 45 22 20 
23 25 52 52 52 4 
23 25 2 25 3 22 
23 25 2 25 22 3 
23 45 8 45 37 22 
23 45 25 45 22 20 
23 52 52 18 52 11 
23 52 52 25 52 4 
22 15 8 37 29 37 
22 15 27 27 5 12 
22 15 27 27 5 12 
22 15 27 27 5 12 
22 15 26 37 37 11 
22 15 37 8 29 37 
22 15 37 21 37 16 
22 15 37 21 37 16 
22 15 37 21 37 16 
22 15 37 12 25 37 
22 15 37 12 25 37 
22 15 37 34 3 37 
22 15 37 34 37 3 
22 15 37 17 37 20 
22 15 37 52 52 30 
22 15 37 52 52 30 
22 15 37 52 52 30 
22 15 37 52 52 30 
22 15 37 52 30 52 
22 15 37 52 30 52 
22 15 37 29 8 37 
22 15 37 52 52 30 
22 15 37 52 52 30 
22 15 37 52 30 52 
22 15 37 52 30 52 
22 15 37 52 30 52 
22 15 37 52 30 52 
22 15 37 37 4 33 
22 15 23 45 30 45 
22 15 23 45 30 45 
22 15 52 52 30 37 
22 15 52 52 30 37 
22 15 52 52 30 37 
22 15 52 52 30 37 
22 15 52 30 37 52 
22 15 52 30 37 52 
22 15 45 30 45 23 
22 15 45 30 45 23 
22 15 52 52 30 37 
22 15 52 52 30 37 
22 15 52 30 37 52 
22 15 52 30 37 52 
22 15 52 30 37 52 
22 15 52 30 37 52 
22 2 8 28 30 30 
22 2 8 30 30 28 
22 2 27 27 27 3 
22 2 27 27 27 3 
22 2 27 27 5 25 
22 2 27 27 5 25 
22 2 27 27 5 25 
22 2 27 27 5 25 
22 2 27 27 5 25 
22 2 27 27 5 25 
22 2 5 17 22 20 
22 2 8 28 30 30 
22 2 8 30 30 28 
22 2 23 25 25 3 
22 2 23 25 25 3 
22 2 52 28 52 52 
22 2 52 28 52 52 
22 2 52 28 52 52 
22 2 52 52 52 28 
22 2 52 52 28 52 
22 2 52 52 28 52 
22 2 28 52 52 52 
22 2 28 8 30 30 
22 2 25 25 3 23 
22 2 25 25 3 23 
22 2 52 52 28 52 
22 2 8 30 30 28 
22 2 18 22 4 20 
22 8 27 30 30 3 
22 8 27 30 30 3 
22 8 27 30 30 3 
22 8 27 30 30 3 
22 8 26 30 30 4 
22 8 27 30 30 3 
22 8 27 30 30 3 
22 8 5 25 30 30 
22 8 5 30 30 25 
22 8 37 23 45 45 
22 8 37 45 45 23 
22 8 8 30 30 22 
22 8 12 30 30 18 
22 8 17 25 25 3 
22 8 17 25 25 3 
22 8 23 45 45 37 
22 8 52 52 52 22 
22 8 52 52 30 44 
22 8 52 52 30 44 
22 8 52 52 52 22 
22 8 52 52 30 44 
22 8 52 52 30 44 
22 8 52 52 52 22 
22 8 52 30 44 52 
22 8 52 30 44 52 
22 8 28 2 30 30 
22 8 45 45 37 23 
22 8 52 52 30 44 
22 8 52 52 30 44 
22 8 52 52 52 22 
22 8 52 30 44 52 
22 8 52 30 44 52 
22 8 2 30 30 28 
22 8 8 30 30 22 
22 8 52 30 44 52 
22 8 52 30 44 52 
22 27 27 27 2 3 
22 27 27 27 2 3 
22 27 27 5 23 4 
22 27 27 5 25 2 
22 27 27 5 2 25 
22 27 27 5 16 11 
22 27 27 5 16 11 
22 27 27 5 4 23 
22 27 27 5 11 16 
22 27 27 5 23 4 
22 27 27 5 25 2 
22 27 27 5 2 25 
22 27 27 5 16 11 
22 27 27 5 16 11 
22 27 27 5 4 23 
22 27 27 5 11 16 
22 27 8 30 30 3 
22 27 8 30 30 3 
22 27 23 45 18 45 
22 27 52 25 52 30 
22 27 52 25 52 30 
22 27 52 25 52 30 
22 27 52 25 52 30 
22 27 52 25 30 52 
22 27 52 25 30 52 
22 27 52 52 52 3 
22 27 52 52 52 3 
22 27 52 52 30 25 
22 27 52 52 30 25 
22 27 52 52 3 52 
22 27 52 52 52 3 
22 27 52 52 30 25 
22 27 52 52 30 25 
22 27 52 52 3 52 
22 27 52 52 52 3 
22 27 52 30 25 52 
22 27 52 30 25 52 
22 27 25 52 52 30 
22 27 25 52 52 30 
22 27 25 52 30 52 
22 27 25 52 30 52 
22 27 25 52 30 52 
22 27 25 52 30 52 
22 27 45 18 45 23 
22 27 52 52 30 25 
22 27 52 52 30 25 
22 27 52 52 3 52 
22 27 52 52 52 3 
22 27 52 30 25 52 
22 27 52 30 25 52 
22 27 8 30 30 3 
22 27 8 30 30 3 
22 27 52 30 25 52 
22 27 52 30 25 52 
22 27 27 5 23 4 
22 27 27 5 25 2 
22 27 27 5 2 25 
22 27 27 5 16 11 
22 27 27 5 16 11 
22 27 27 5 4 23 
22 27 27 5 11 16 
22 27 8 30 30 3 
22 27 8 30 30 3 
22 27 23 45 18 45 
22 27 52 25 52 30 
22 27 52 25 52 30 
22 27 52 25 52 30 
22 27 52 25 52 30 
22 27 52 25 30 52 
22 27 52 25 30 52 
22 27 52 52 52 3 
22 27 52 52 52 3 
22 27 52 52 30 25 
22 27 52 52 30 25 
22 27 52 52 3 52 
22 27 52 52 52 3 
22 27 52 52 30 25 
22 27 52 52 30 25 
22 27 52 52 3 52 
22 27 52 52 52 3 
22 27 52 30 25 52 
22 27 52 30 25 52 
22 27 25 52 52 30 
22 27 25 52 52 30 
22 27 25 52 30 52 
22 27 25 52 30 52 
22 27 25 52 30 52 
22 27 25 52 30 52 
22 27 45 18 45 23 
22 27 52 52 30 25 
22 27 52 52 30 25 
22 27 52 52 3 52 
22 27 52 52 52 3 
22 27 52 30 25 52 
22 27 52 30 25 52 
22 27 8 30 30 3 
22 27 8 30 30 3 
22 27 52 30 25 52 
22 27 52 30 25 52 
22 26 8 30 30 4 
22 26 52 52 52 4 
22 26 52 52 52 4 
22 26 52 52 52 4 
22 26 52 52 52 4 
22 26 8 30 30 4 
22 47 5 52 52 30 
22 47 5 52 52 30 
22 47 5 52 52 30 
22 47 5 52 52 30 
22 47 5 52 30 52 
22 47 5 52 30 52 
22 47 5 52 52 30 
22 47 5 52 52 30 
22 47 5 52 30 52 
22 47 5 52 30 52 
22 47 5 52 30 52 
22 47 5 52 30 52 
22 27 8 30 30 3 
22 27 8 30 30 3 
22 27 23 45 18 45 
22 27 52 25 52 30 
22 27 52 25 52 30 
22 27 52 25 52 30 
22 27 52 25 52 30 
22 27 52 25 30 52 
22 27 52 25 30 52 
22 27 52 52 52 3 
22 27 52 52 52 3 
22 27 52 52 30 25 
22 27 52 52 30 25 
22 27 52 52 3 52 
22 27 52 52 52 3 
22 27 52 52 30 25 
22 27 52 52 30 25 
22 27 52 52 3 52 
22 27 52 52 52 3 
22 27 52 30 25 52 
22 27 52 30 25 52 
22 27 25 52 52 30 
22 27 25 52 52 30 
22 27 25 52 30 52 
22 27 25 52 30 52 
22 27 25 52 30 52 
22 27 25 52 30 52 
22 27 45 18 45 23 
22 27 52 52 30 25 
22 27 52 52 30 25 
22 27 52 52 3 52 
22 27 52 52 52 3 
22 27 52 30 25 52 
22 27 52 30 25 52 
22 27 8 30 30 3 
22 27 8 30 30 3 
22 27 52 30 25 52 
22 27 52 30 25 52 
22 5 8 25 30 30 
22 5 8 30 30 25 
22 5 17 2 22 20 
22 5 17 18 22 4 
22 5 52 25 52 52 
22 5 52 25 52 52 
22 5 52 25 52 52 
22 5 52 52 52 25 
22 5 52 52 25 52 
22 5 52 52 25 52 
22 5 25 52 52 52 
22 5 25 8 30 30 
22 5 25 25 3 20 
22 5 25 25 3 20 
22 5 52 52 25 52 
22 5 8 30 30 25 
22 36 52 52 30 16 
22 36 52 52 30 16 
22 36 52 52 30 16 
22 36 52 52 30 16 
22 36 52 52 30 16 
22 36 52 52 30 16 
22 36 52 52 30 16 
22 36 52 52 30 16 
22 36 52 52 30 16 
22 36 52 52 30 16 
22 36 52 52 30 16 
22 36 52 52 30 16 
22 36 52 30 16 52 
22 36 52 30 16 52 
22 36 52 30 52 16 
22 36 52 30 16 52 
22 36 52 30 16 52 
22 36 52 30 52 16 
22 36 52 52 30 16 
22 36 52 52 30 16 
22 36 52 52 30 16 
22 36 52 52 30 16 
22 36 52 52 30 16 
22 36 52 52 30 16 
22 36 52 30 16 52 
22 36 52 30 16 52 
22 36 52 30 52 16 
22 36 52 30 16 52 
22 36 52 30 16 52 
22 36 52 30 52 16 
22 36 52 30 16 52 
22 36 52 30 16 52 
22 36 52 30 52 16 
22 36 52 30 16 52 
22 36 52 30 16 52 
22 36 52 30 52 16 
22 37 8 23 45 45 
22 37 8 45 45 23 
22 37 23 45 8 45 
22 37 45 8 45 23 
22 8 12 30 30 18 
22 8 17 25 25 3 
22 8 17 25 25 3 
22 8 23 45 45 37 
22 8 52 52 52 22 
22 8 52 52 30 44 
22 8 52 52 30 44 
22 8 52 52 52 22 
22 8 52 52 30 44 
22 8 52 52 30 44 
22 8 52 52 52 22 
22 8 52 30 44 52 
22 8 52 30 44 52 
22 8 28 2 30 30 
22 8 45 45 37 23 
22 8 52 52 30 44 
22 8 52 52 30 44 
22 8 52 52 52 22 
22 8 52 30 44 52 
22 8 52 30 44 52 
22 8 2 30 30 28 
22 8 8 30 30 22 
22 8 52 30 44 52 
22 8 52 30 44 52 
22 21 52 52 30 31 
22 21 52 52 30 31 
22 21 52 52 30 31 
22 21 52 52 30 31 
22 21 52 30 31 52 
22 21 52 30 31 52 
22 21 25 25 3 4 
22 21 25 25 3 4 
22 21 52 52 30 31 
22 21 52 52 30 31 
22 21 52 30 31 52 
22 21 52 30 31 52 
22 21 52 30 31 52 
22 21 52 30 31 52 
22 12 23 45 45 33 
22 12 52 52 52 18 
22 12 52 52 18 52 
22 12 52 52 18 52 
22 12 45 45 33 23 
22 12 52 52 18 52 
22 12 8 30 30 18 
22 34 23 45 45 11 
22 34 52 52 30 18 
22 34 52 52 30 18 
22 34 52 52 30 18 
22 34 52 52 30 18 
22 34 52 30 18 52 
22 34 52 30 18 52 
22 34 45 45 23 11 
22 34 52 52 30 18 
22 34 52 52 30 18 
22 34 52 30 18 52 
22 34 52 30 18 52 
22 34 52 30 18 52 
22 34 52 30 18 52 
22 17 23 28 45 45 
22 17 23 45 45 28 
22 17 28 45 45 23 
22 17 25 8 25 3 
22 17 25 8 25 3 
22 17 45 45 28 23 
22 23 52 29 52 30 
22 23 52 29 52 30 
22 23 52 29 52 30 
22 23 52 29 52 30 
22 23 52 29 30 52 
22 23 52 29 30 52 
22 23 29 45 45 16 
22 23 29 45 45 16 
22 23 29 45 45 16 
22 23 29 52 52 30 
22 23 29 52 52 30 
22 23 29 52 30 52 
22 23 29 52 30 52 
22 23 29 52 30 52 
22 23 29 52 30 52 
22 23 25 45 45 20 
22 23 25 2 25 3 
22 23 25 2 25 3 
22 23 45 8 45 37 
22 23 45 25 45 20 
22 23 45 45 22 23 
22 52 29 52 30 23 
22 52 29 52 30 23 
22 52 29 52 30 23 
22 52 29 52 30 23 
22 52 29 30 52 23 
22 52 29 30 52 23 
22 52 28 52 2 52 
22 52 28 52 2 52 
22 52 28 2 52 52 
22 52 52 2 52 28 
22 52 52 2 28 52 
22 52 52 8 52 22 
22 52 52 8 30 44 
22 52 52 8 30 44 
22 52 52 8 52 22 
22 52 52 30 30 22 
22 52 52 30 3 49 
22 52 52 30 49 3 
22 52 52 30 3 49 
22 52 52 30 49 3 
22 52 2 52 28 52 
22 52 8 52 30 44 
22 52 8 52 30 44 
22 52 8 52 52 22 
22 52 8 30 44 52 
22 52 8 30 44 52 
22 52 52 30 30 22 
22 52 52 30 3 49 
22 52 52 30 49 3 
22 52 52 30 3 49 
22 52 52 30 49 3 
22 52 30 30 52 22 
22 52 30 3 49 52 
22 52 30 49 52 3 
22 52 30 3 49 52 
22 52 30 49 52 3 
22 29 45 45 16 23 
22 29 45 45 16 23 
22 29 45 45 23 16 
22 29 52 52 30 23 
22 29 52 52 30 23 
22 29 52 30 52 23 
22 29 52 30 52 23 
22 29 52 30 52 23 
22 29 52 30 52 23 
22 28 52 2 52 52 
22 28 2 8 30 30 
22 25 45 45 23 20 
22 25 2 25 3 23 
22 25 2 25 3 23 
22 25 25 3 22 3 
22 45 8 45 37 23 
22 45 25 45 23 20 
22 52 2 52 28 52 
22 52 8 52 30 44 
22 52 8 52 30 44 
22 52 8 52 52 22 
22 52 8 30 44 52 
22 52 8 30 44 52 
22 52 52 30 30 22 
22 52 52 30 3 49 
22 52 52 30 49 3 
22 52 52 30 3 49 
22 52 52 30 49 3 
22 52 30 30 52 22 
22 52 30 3 49 52 
22 52 30 49 52 3 
22 52 30 3 49 52 
22 52 30 49 52 3 
22 2 8 30 30 28 
22 2 18 22 4 20 
22 8 52 30 44 52 
22 8 52 30 44 52 
22 52 30 30 52 22 
22 52 30 3 49 52 
22 52 30 49 52 3 
22 52 30 3 49 52 
22 52 30 49 52 3 
15 2 8 21 23 23 
15 2 27 27 12 25 
15 2 27 27 12 25 
15 2 27 27 12 25 
15 2 27 27 12 25 
15 2 27 27 12 25 
15 2 27 27 12 25 
15 2 8 21 23 23 
15 2 21 23 8 23 
15 2 46 44 31 46 
15 8 27 27 27 4 
15 8 5 23 18 23 
15 8 37 52 52 44 
15 8 37 52 52 44 
15 8 37 52 44 52 
15 8 37 29 37 22 
15 8 37 45 30 45 
15 8 37 45 30 45 
15 8 37 52 52 44 
15 8 37 52 44 52 
15 8 37 52 44 52 
15 8 21 23 2 23 
15 8 12 23 23 11 
15 8 23 3 23 20 
15 8 23 3 23 20 
15 8 52 29 52 52 
15 8 52 29 52 52 
15 8 52 29 52 52 
15 8 52 52 44 37 
15 8 52 52 44 37 
15 8 52 44 37 52 
15 8 29 52 52 52 
15 8 45 30 45 37 
15 8 45 30 45 37 
15 8 52 52 44 37 
15 8 52 44 37 52 
15 8 52 44 37 52 
15 27 27 27 8 4 
15 27 27 27 8 4 
15 27 27 5 12 22 
15 27 27 12 23 4 
15 27 27 12 25 2 
15 27 27 12 2 25 
15 27 27 12 16 11 
15 27 27 12 16 11 
15 27 27 12 4 23 
15 27 27 12 11 16 
15 27 27 5 12 22 
15 27 27 12 23 4 
15 27 27 12 25 2 
15 27 27 12 2 25 
15 27 27 12 16 11 
15 27 27 12 16 11 
15 27 27 12 4 23 
15 27 27 12 11 16 
15 27 37 52 25 52 
15 27 37 52 25 52 
15 27 37 52 25 52 
15 27 37 52 52 25 
15 27 37 52 52 25 
15 27 37 52 25 52 
15 27 37 25 52 52 
15 27 37 25 52 52 
15 27 37 25 52 52 
15 27 37 52 52 25 
15 27 37 52 25 52 
15 27 37 52 25 52 
15 27 52 25 52 37 
15 27 52 25 52 37 
15 27 52 25 37 52 
15 27 52 52 25 37 
15 27 52 52 25 37 
15 27 52 25 37 52 
15 27 25 52 52 37 
15 27 25 52 37 52 
15 27 25 52 37 52 
15 27 45 30 18 45 
15 27 45 30 18 45 
15 27 52 52 25 37 
15 27 52 25 37 52 
15 27 52 25 37 52 
15 27 27 5 12 22 
15 27 27 12 23 4 
15 27 27 12 25 2 
15 27 27 12 2 25 
15 27 27 12 16 11 
15 27 27 12 16 11 
15 27 27 12 4 23 
15 27 27 12 11 16 
15 27 37 52 25 52 
15 27 37 52 25 52 
15 27 37 52 25 52 
15 27 37 52 52 25 
15 27 37 52 52 25 
15 27 37 52 25 52 
15 27 37 25 52 52 
15 27 37 25 52 52 
15 27 37 25 52 52 
15 27 37 52 52 25 
15 27 37 52 25 52 
15 27 37 52 25 52 
15 27 52 25 52 37 
15 27 52 25 52 37 
15 27 52 25 37 52 
15 27 52 52 25 37 
15 27 52 52 25 37 
15 27 52 25 37 52 
15 27 25 52 52 37 
15 27 25 52 37 52 
15 27 25 52 37 52 
15 27 45 30 18 45 
15 27 45 30 18 45 
15 27 52 52 25 37 
15 27 52 25 37 52 
15 27 52 25 37 52 
15 26 37 37 22 11 
15 26 46 31 20 46 
15 26 52 52 52 11 
15 26 52 52 52 11 
15 26 52 52 52 11 
15 26 52 52 52 11 
15 47 5 37 52 52 
15 47 5 37 52 52 
15 47 5 37 52 52 
15 47 5 37 52 52 
15 47 5 37 52 52 
15 47 5 37 52 52 
15 47 5 52 52 37 
15 47 5 52 52 37 
15 47 5 52 37 52 
15 47 5 52 52 37 
15 47 5 52 37 52 
15 47 5 52 37 52 
15 27 37 52 25 52 
15 27 37 52 25 52 
15 27 37 52 25 52 
15 27 37 52 52 25 
15 27 37 52 52 25 
15 27 37 52 25 52 
15 27 37 25 52 52 
15 27 37 25 52 52 
15 27 37 25 52 52 
15 27 37 52 52 25 
15 27 37 52 25 52 
15 27 37 52 25 52 
15 27 52 25 52 37 
15 27 52 25 52 37 
15 27 52 25 37 52 
15 27 52 52 25 37 
15 27 52 52 25 37 
15 27 52 25 37 52 
15 27 25 52 52 37 
15 27 25 52 37 52 
15 27 25 52 37 52 
15 27 45 30 18 45 
15 27 45 30 18 45 
15 27 52 52 25 37 
15 27 52 25 37 52 
15 27 52 25 37 52 
15 5 8 23 18 23 
15 5 23 8 18 23 
15 36 37 52 52 16 
15 36 37 52 52 16 
15 36 37 52 52 16 
15 36 37 52 52 16 
15 36 37 52 52 16 
15 36 37 52 52 16 
15 36 37 52 16 52 
15 36 37 52 16 52 
15 36 37 52 52 16 
15 36 37 52 52 16 
15 36 37 52 52 16 
15 36 37 52 52 16 
15 36 37 52 16 52 
15 36 37 52 16 52 
15 36 37 52 52 16 
15 36 37 52 16 52 
15 36 37 52 16 52 
15 36 37 52 52 16 
15 36 52 52 37 16 
15 36 52 52 37 16 
15 36 52 52 37 16 
15 36 52 52 37 16 
15 36 52 52 37 16 
15 36 52 52 37 16 
15 36 52 37 16 52 
15 36 52 37 16 52 
15 36 52 37 52 16 
15 36 52 52 37 16 
15 36 52 52 37 16 
15 36 52 52 37 16 
15 36 52 37 16 52 
15 36 52 37 16 52 
15 36 52 37 52 16 
15 36 52 37 16 52 
15 36 52 37 16 52 
15 36 52 37 52 16 
15 37 8 52 52 44 
15 37 8 52 52 44 
15 37 8 52 44 52 
15 37 8 29 37 22 
15 37 8 45 30 45 
15 37 8 45 30 45 
15 37 8 52 52 44 
15 37 8 52 44 52 
15 37 8 52 44 52 
15 37 21 52 52 31 
15 37 21 52 52 31 
15 37 21 52 31 52 
15 37 21 52 52 31 
15 37 21 52 31 52 
15 37 21 52 31 52 
15 37 21 37 16 22 
15 37 21 37 16 22 
15 37 21 37 22 16 
15 37 12 25 37 22 
15 37 12 25 37 22 
15 37 34 52 52 18 
15 37 34 52 52 18 
15 37 34 52 18 52 
15 37 34 52 52 18 
15 37 34 52 18 52 
15 37 34 52 18 52 
15 37 34 3 37 22 
15 37 34 37 22 3 
15 37 17 37 22 20 
15 37 23 52 29 52 
15 37 23 52 29 52 
15 37 23 52 29 52 
15 37 23 29 52 52 
15 37 23 29 52 52 
15 37 23 29 52 52 
15 37 52 29 52 23 
15 37 52 29 52 23 
15 37 52 29 52 23 
15 37 52 52 8 44 
15 37 52 52 30 22 
15 37 52 52 30 22 
15 37 52 52 3 49 
15 37 52 52 49 3 
15 37 52 8 52 44 
15 37 52 8 44 52 
15 37 52 52 30 22 
15 37 52 52 30 22 
15 37 52 52 3 49 
15 37 52 52 49 3 
15 37 52 30 52 22 
15 37 52 30 52 22 
15 37 52 3 49 52 
15 37 52 49 52 3 
15 37 29 52 52 23 
15 37 29 52 52 23 
15 37 29 8 37 22 
15 37 29 52 52 23 
15 37 45 8 30 45 
15 37 45 8 30 45 
15 37 52 8 52 44 
15 37 52 8 44 52 
15 37 52 52 30 22 
15 37 52 52 30 22 
15 37 52 52 3 49 
15 37 52 52 49 3 
15 37 52 30 52 22 
15 37 52 30 52 22 
15 37 52 3 49 52 
15 37 52 49 52 3 
15 37 8 52 44 52 
15 37 52 30 52 22 
15 37 52 30 52 22 
15 37 52 3 49 52 
15 37 52 49 52 3 
15 37 37 22 4 33 
15 8 21 23 2 23 
15 8 12 23 23 11 
15 8 23 3 23 20 
15 8 23 3 23 20 
15 8 52 29 52 52 
15 8 52 29 52 52 
15 8 52 29 52 52 
15 8 52 52 44 37 
15 8 52 52 44 37 
15 8 52 44 37 52 
15 8 29 52 52 52 
15 8 45 30 45 37 
15 8 45 30 45 37 
15 8 52 52 44 37 
15 8 52 44 37 52 
15 8 52 44 37 52 
15 21 46 25 31 46 
15 21 46 31 25 46 
15 21 23 2 8 23 
15 21 52 52 52 16 
15 21 52 52 52 16 
15 21 52 52 52 16 
15 21 52 52 31 37 
15 21 52 52 16 52 
15 21 52 52 16 52 
15 21 52 52 52 16 
15 21 52 52 31 37 
15 21 52 52 16 52 
15 21 52 52 16 52 
15 21 52 52 52 16 
15 21 52 31 37 52 
15 21 52 52 31 37 
15 21 52 52 16 52 
15 21 52 52 16 52 
15 21 52 52 52 16 
15 21 52 31 37 52 
15 21 52 31 37 52 
15 12 34 46 31 46 
15 12 23 8 23 11 
15 12 52 25 52 52 
15 12 52 25 52 52 
15 12 52 25 52 52 
15 12 52 52 52 25 
15 12 52 52 25 52 
15 12 52 52 25 52 
15 12 25 52 52 52 
15 12 45 30 45 33 
15 12 45 30 45 33 
15 12 52 52 25 52 
15 34 52 52 52 3 
15 34 52 52 52 3 
15 34 52 52 18 37 
15 34 52 52 3 52 
15 34 52 52 52 3 
15 34 52 52 18 37 
15 34 52 52 3 52 
15 34 52 52 52 3 
15 34 52 18 37 52 
15 34 45 30 45 11 
15 34 45 30 45 11 
15 34 52 52 18 37 
15 34 52 52 3 52 
15 34 52 52 52 3 
15 34 52 18 37 52 
15 34 52 18 37 52 
15 17 46 29 31 46 
15 17 52 52 52 20 
15 17 52 52 52 20 
15 17 52 52 52 20 
15 17 28 45 30 45 
15 17 28 45 30 45 
15 17 45 30 45 28 
15 17 45 30 45 28 
15 17 52 52 52 20 
15 46 23 31 23 46 
15 46 28 18 31 46 
15 46 2 44 31 46 
15 46 30 31 16 46 
15 46 30 31 16 46 
15 46 30 31 46 16 
15 46 30 31 16 46 
15 46 30 31 16 46 
15 46 30 31 46 16 
15 46 18 31 28 46 
15 23 52 29 52 37 
15 23 52 29 52 37 
15 23 52 29 37 52 
15 23 29 52 52 37 
15 23 29 52 37 52 
15 23 29 52 37 52 
15 23 45 30 45 22 
15 23 45 30 45 22 
15 23 8 3 23 20 
15 23 8 3 23 20 
15 52 29 52 8 52 
15 52 29 52 8 52 
15 52 29 52 37 23 
15 52 29 8 52 52 
15 52 29 52 37 23 
15 52 29 37 52 23 
15 52 52 8 44 37 
15 52 52 52 4 33 
15 52 52 30 37 22 
15 52 52 30 37 22 
15 52 52 3 37 49 
15 52 52 37 49 3 
15 52 52 52 4 33 
15 52 8 52 44 37 
15 52 8 44 37 52 
15 52 52 30 37 22 
15 52 52 30 37 22 
15 52 52 3 37 49 
15 52 52 37 49 3 
15 52 52 52 4 33 
15 52 30 37 52 22 
15 52 30 37 52 22 
15 52 3 37 49 52 
15 52 37 49 52 3 
15 29 45 30 45 16 
15 29 45 30 45 16 
15 29 45 30 45 16 
15 29 45 30 45 16 
15 29 45 30 45 16 
15 29 45 30 45 16 
15 29 52 8 52 52 
15 29 52 52 37 23 
15 29 52 37 52 23 
15 29 52 37 52 23 
15 25 45 30 45 20 
15 25 45 30 45 20 
15 45 8 30 45 37 
15 45 8 30 45 37 
15 45 30 25 45 20 
15 45 30 45 22 23 
15 45 30 25 45 20 
15 45 30 45 22 23 
15 52 8 52 44 37 
15 52 8 44 37 52 
15 52 52 30 37 22 
15 52 52 30 37 22 
15 52 52 3 37 49 
15 52 52 37 49 3 
15 52 52 52 4 33 
15 52 30 37 52 22 
15 52 30 37 52 22 
15 52 3 37 49 52 
15 52 37 49 52 3 
15 8 52 44 37 52 
15 52 30 37 52 22 
15 52 30 37 52 22 
15 52 3 37 49 52 
15 52 37 49 52 3 
2 8 27 27 27 17 
2 8 26 28 28 20 
2 8 8 2 8 4 
2 8 8 8 3 3 
2 8 17 23 25 25 
2 8 17 25 25 23 
2 8 28 30 30 22 
2 8 30 30 28 22 
2 27 27 27 5 20 
2 27 27 27 8 17 
2 27 27 27 21 4 
2 27 27 27 17 8 
2 27 27 27 23 2 
2 27 27 27 2 23 
2 27 27 27 3 22 
2 27 27 27 22 3 
2 27 27 5 25 22 
2 27 27 5 25 22 
2 27 27 23 25 4 
2 27 27 23 25 4 
2 27 27 25 2 25 
2 27 27 25 16 11 
2 27 27 25 16 11 
2 27 27 25 4 23 
2 27 27 25 11 16 
2 27 27 25 16 11 
2 27 27 25 16 11 
2 27 27 25 4 23 
2 27 27 25 11 16 
2 27 27 5 25 22 
2 27 27 5 25 22 
2 27 27 23 25 4 
2 27 27 23 25 4 
2 27 27 25 2 25 
2 27 27 25 16 11 
2 27 27 25 16 11 
2 27 27 25 4 23 
2 27 27 25 11 16 
2 27 27 25 16 11 
2 27 27 25 16 11 
2 27 27 25 4 23 
2 27 27 25 11 16 
2 27 23 52 52 52 
2 27 23 52 52 52 
2 27 23 52 52 52 
2 27 23 52 52 52 
2 27 52 52 52 23 
2 27 52 52 52 23 
2 27 52 52 52 23 
2 27 28 30 30 3 
2 27 28 30 30 3 
2 27 52 52 52 23 
2 27 30 30 3 28 
2 27 30 30 28 3 
2 27 27 5 25 22 
2 27 27 5 25 22 
2 27 27 23 25 4 
2 27 27 23 25 4 
2 27 27 25 2 25 
2 27 27 25 16 11 
2 27 27 25 16 11 
2 27 27 25 4 23 
2 27 27 25 11 16 
2 27 27 25 16 11 
2 27 27 25 16 11 
2 27 27 25 4 23 
2 27 27 25 11 16 
2 27 23 52 52 52 
2 27 23 52 52 52 
2 27 23 52 52 52 
2 27 23 52 52 52 
2 27 52 52 52 23 
2 27 52 52 52 23 
2 27 52 52 52 23 
2 27 28 30 30 3 
2 27 28 30 30 3 
2 27 52 52 52 23 
2 27 30 30 3 28 
2 27 30 30 28 3 
2 26 5 23 28 28 
2 26 5 28 28 23 
2 26 8 28 28 20 
2 26 12 28 16 28 
2 26 12 28 28 16 
2 26 12 28 28 16 
2 26 17 28 28 11 
2 26 46 44 20 46 
2 26 28 25 3 28 
2 26 28 25 28 3 
2 26 28 8 28 20 
2 26 28 30 30 4 
2 26 28 25 3 28 
2 26 28 25 28 3 
2 26 30 30 28 4 
2 47 52 52 52 3 
2 47 52 52 52 3 
2 47 52 52 3 52 
2 47 52 52 52 3 
2 47 52 52 3 52 
2 47 52 52 52 3 
2 47 52 52 3 52 
2 47 52 52 52 3 
2 27 23 52 52 52 
2 27 23 52 52 52 
2 27 23 52 52 52 
2 27 23 52 52 52 
2 27 52 52 52 23 
2 27 52 52 52 23 
2 27 52 52 52 23 
2 27 28 30 30 3 
2 27 28 30 30 3 
2 27 52 52 52 23 
2 27 30 30 3 28 
2 27 30 30 28 3 
2 5 21 23 18 23 
2 5 23 25 25 20 
2 5 52 45 52 52 
2 5 52 45 52 52 
2 5 52 45 52 52 
2 5 52 52 52 45 
2 5 52 52 45 52 
2 5 52 52 45 52 
2 5 28 25 30 30 
2 5 28 30 30 25 
2 5 25 30 30 28 
2 5 25 25 23 20 
2 5 45 52 52 52 
2 5 52 52 45 52 
2 5 30 30 25 28 
2 8 17 23 25 25 
2 8 17 25 25 23 
2 8 28 30 30 22 
2 8 30 30 28 22 
2 21 12 23 23 11 
2 21 46 25 44 46 
2 21 46 44 25 46 
2 21 23 25 25 4 
2 21 23 3 23 20 
2 21 23 3 23 20 
2 21 52 29 52 52 
2 21 52 29 52 52 
2 21 52 29 52 52 
2 21 29 52 52 52 
2 21 25 25 4 23 
2 12 34 46 44 46 
2 12 28 30 30 18 
2 12 2 16 16 16 
2 12 30 30 18 28 
2 34 52 52 52 16 
2 34 52 52 52 16 
2 34 52 52 52 16 
2 34 52 52 16 52 
2 34 52 52 16 52 
2 34 52 52 52 16 
2 34 52 52 16 52 
2 34 52 52 16 52 
2 34 52 52 52 16 
2 34 52 52 16 52 
2 34 52 52 16 52 
2 34 52 52 52 16 
2 17 46 29 44 46 
2 17 23 25 8 25 
2 17 52 52 52 33 
2 17 52 52 52 33 
2 17 52 52 52 33 
2 17 25 8 25 23 
2 17 52 52 52 33 
2 46 23 44 23 46 
2 46 52 52 52 4 
2 46 52 52 52 4 
2 46 52 52 52 4 
2 46 28 18 44 46 
2 46 52 52 52 4 
2 46 30 44 16 46 
2 46 30 44 16 46 
2 46 30 44 46 16 
2 46 30 44 16 46 
2 46 30 44 16 46 
2 46 30 44 46 16 
2 46 18 44 28 46 
2 23 25 2 25 23 
2 23 25 25 3 22 
2 23 25 25 22 3 
2 52 28 52 52 22 
2 52 28 52 52 22 
2 52 28 52 52 22 
2 52 25 52 52 25 
2 52 25 52 25 52 
2 52 25 52 25 52 
2 52 52 52 30 20 
2 52 52 52 30 20 
2 52 52 52 28 22 
2 52 52 52 4 46 
2 52 52 52 11 39 
2 52 52 30 52 20 
2 52 52 30 52 20 
2 52 52 28 52 22 
2 52 52 52 4 46 
2 52 52 52 11 39 
2 52 52 30 52 20 
2 52 52 30 52 20 
2 52 52 28 52 22 
2 52 52 52 4 46 
2 52 52 52 11 39 
2 28 52 52 52 22 
2 28 2 30 30 28 
2 28 8 30 30 22 
2 25 52 52 25 52 
2 25 25 3 22 23 
2 25 25 22 3 23 
2 52 52 30 52 20 
2 52 52 30 52 20 
2 52 52 28 52 22 
2 52 52 52 4 46 
2 52 52 52 11 39 
2 8 30 30 28 22 
2 3 16 16 11 16 
2 16 16 3 11 16 
8 27 27 27 8 11 
8 27 27 27 17 2 
8 27 27 27 8 11 
8 27 27 27 3 16 
8 27 27 27 3 16 
8 27 27 27 3 16 
8 27 27 27 16 3 
8 27 27 27 16 3 
8 27 27 27 3 16 
8 27 37 45 18 45 
8 27 17 52 52 52 
8 27 17 52 52 52 
8 27 17 52 52 52 
8 27 17 52 52 52 
8 27 52 25 52 44 
8 27 52 25 52 44 
8 27 52 25 44 52 
8 27 52 52 44 25 
8 27 52 52 44 25 
8 27 52 44 25 52 
8 27 25 52 52 44 
8 27 25 52 44 52 
8 27 25 52 44 52 
8 27 45 18 45 37 
8 27 52 52 44 25 
8 27 52 44 25 52 
8 27 52 44 25 52 
8 27 30 30 3 22 
8 27 30 30 22 3 
8 27 37 45 18 45 
8 27 17 52 52 52 
8 27 17 52 52 52 
8 27 17 52 52 52 
8 27 17 52 52 52 
8 27 52 25 52 44 
8 27 52 25 52 44 
8 27 52 25 44 52 
8 27 52 52 44 25 
8 27 52 52 44 25 
8 27 52 44 25 52 
8 27 25 52 52 44 
8 27 25 52 44 52 
8 27 25 52 44 52 
8 27 45 18 45 37 
8 27 52 52 44 25 
8 27 52 44 25 52 
8 27 52 44 25 52 
8 27 30 30 3 22 
8 27 30 30 22 3 
8 26 37 29 37 11 
8 26 52 52 52 18 
8 26 52 52 18 52 
8 26 52 52 18 52 
8 26 28 2 28 20 
8 26 52 52 18 52 
8 26 30 30 22 4 
8 47 5 52 52 44 
8 47 5 52 52 44 
8 47 5 52 44 52 
8 47 5 52 52 44 
8 47 5 52 44 52 
8 47 5 52 44 52 
8 27 37 45 18 45 
8 27 17 52 52 52 
8 27 17 52 52 52 
8 27 17 52 52 52 
8 27 17 52 52 52 
8 27 52 25 52 44 
8 27 52 25 52 44 
8 27 52 25 44 52 
8 27 52 52 44 25 
8 27 52 52 44 25 
8 27 52 44 25 52 
8 27 25 52 52 44 
8 27 25 52 44 52 
8 27 25 52 44 52 
8 27 45 18 45 37 
8 27 52 52 44 25 
8 27 52 44 25 52 
8 27 52 44 25 52 
8 27 30 30 3 22 
8 27 30 30 22 3 
8 5 8 16 16 11 
8 5 8 16 11 16 
8 5 8 16 11 16 
8 5 17 25 25 20 
8 5 23 28 28 20 
8 5 52 52 52 39 
8 5 52 52 52 39 
8 5 52 52 52 39 
8 5 28 28 23 20 
8 5 25 30 30 22 
8 5 52 52 52 39 
8 5 8 16 16 11 
8 5 8 16 11 16 
8 5 8 16 11 16 
8 5 30 30 25 22 
8 5 3 16 16 16 
8 5 16 16 3 16 
8 36 8 52 52 52 
8 36 8 52 52 52 
8 36 8 52 52 52 
8 36 8 52 52 52 
8 36 52 52 8 52 
8 36 52 52 8 52 
8 36 52 52 44 16 
8 36 52 52 44 16 
8 36 52 52 44 16 
8 36 52 8 52 52 
8 36 52 52 44 16 
8 36 52 52 44 16 
8 36 52 52 44 16 
8 36 52 44 16 52 
8 36 52 44 16 52 
8 36 52 44 52 16 
8 36 52 8 52 52 
8 36 52 52 44 16 
8 36 52 52 44 16 
8 36 52 52 44 16 
8 36 52 44 16 52 
8 36 52 44 16 52 
8 36 52 44 52 16 
8 36 52 44 16 52 
8 36 52 44 16 52 
8 36 52 44 52 16 
8 37 8 45 45 37 
8 37 21 29 37 16 
8 37 21 29 37 16 
8 37 21 29 37 16 
8 37 12 29 25 37 
8 37 12 29 25 37 
8 37 12 45 45 33 
8 37 34 29 3 37 
8 37 34 29 37 3 
8 37 34 45 45 11 
8 37 17 29 37 20 
8 37 17 28 45 45 
8 37 17 45 45 28 
8 37 23 45 45 22 
8 37 29 45 45 16 
8 37 29 45 45 16 
8 37 29 45 45 16 
8 37 29 37 4 33 
8 37 25 45 45 20 
8 37 45 8 45 37 
8 37 45 25 45 20 
8 37 45 45 22 23 
8 8 12 16 16 4 
8 8 12 16 4 16 
8 8 12 16 4 16 
8 8 2 8 3 3 
8 21 17 25 25 4 
8 21 23 52 52 52 
8 21 23 52 52 52 
8 21 23 52 52 52 
8 21 23 52 52 52 
8 21 52 52 52 23 
8 21 52 52 44 31 
8 21 52 52 52 23 
8 21 52 52 44 31 
8 21 52 52 52 23 
8 21 52 44 31 52 
8 21 52 52 44 31 
8 21 52 52 52 23 
8 21 52 44 31 52 
8 21 52 44 31 52 
8 12 28 16 28 20 
8 12 28 28 16 20 
8 12 28 28 20 16 
8 12 45 45 37 33 
8 12 8 16 16 4 
8 12 8 16 4 16 
8 12 8 16 4 16 
8 12 30 30 18 22 
8 34 52 52 18 44 
8 34 52 52 18 44 
8 34 52 18 44 52 
8 34 45 45 37 11 
8 34 52 52 18 44 
8 34 52 18 44 52 
8 34 52 18 44 52 
8 17 23 25 2 25 
8 17 28 45 45 37 
8 17 28 28 20 11 
8 17 25 2 25 23 
8 17 25 25 3 22 
8 17 25 25 22 3 
8 17 45 45 37 28 
8 23 52 29 52 44 
8 23 52 29 52 44 
8 23 52 29 44 52 
8 23 29 52 52 44 
8 23 29 52 44 52 
8 23 29 52 44 52 
8 23 45 45 37 22 
8 52 29 52 44 23 
8 52 29 52 44 23 
8 52 29 44 52 23 
8 52 28 52 52 16 
8 52 28 52 52 16 
8 52 28 52 52 16 
8 52 28 52 16 52 
8 52 28 52 16 52 
8 52 28 52 52 16 
8 52 28 52 16 52 
8 52 28 52 16 52 
8 52 28 52 52 16 
8 52 52 52 16 28 
8 52 52 52 28 16 
8 52 52 52 28 16 
8 52 52 52 33 11 
8 52 52 30 44 22 
8 52 52 30 44 22 
8 52 52 44 3 49 
8 52 52 44 49 3 
8 52 52 16 28 52 
8 52 52 28 16 52 
8 52 52 28 52 16 
8 52 52 52 33 11 
8 52 52 30 44 22 
8 52 52 30 44 22 
8 52 52 44 3 49 
8 52 52 44 49 3 
8 52 52 16 28 52 
8 52 52 28 16 52 
8 52 52 28 52 16 
8 52 52 52 33 11 
8 52 30 44 52 22 
8 52 30 44 52 22 
8 52 44 3 49 52 
8 52 44 49 52 3 
8 29 45 45 37 16 
8 29 45 45 37 16 
8 29 45 45 37 16 
8 29 52 52 44 23 
8 29 52 44 52 23 
8 29 52 44 52 23 
8 28 25 3 28 20 
8 28 25 28 3 20 
8 28 52 52 16 52 
8 28 52 52 16 52 
8 28 52 52 52 16 
8 28 2 30 30 22 
8 28 25 3 28 20 
8 28 25 28 3 20 
8 25 45 45 37 20 
8 45 25 45 37 20 
8 45 45 37 22 23 
8 52 52 30 44 22 
8 52 52 30 44 22 
8 52 52 44 3 49 
8 52 52 44 49 3 
8 52 52 16 28 52 
8 52 52 28 16 52 
8 52 52 28 52 16 
8 52 52 52 33 11 
8 52 30 44 52 22 
8 52 30 44 52 22 
8 52 44 3 49 52 
8 52 44 49 52 3 
8 2 30 30 28 22 
8 52 30 44 52 22 
8 52 30 44 52 22 
8 52 44 3 49 52 
8 52 44 49 52 3 
27 27 27 5 2 20 
27 27 27 5 18 4 
27 27 27 8 17 2 
27 27 27 8 8 11 
27 27 27 8 3 16 
27 27 27 8 3 16 
27 27 27 8 3 16 
27 27 27 8 16 3 
27 27 27 8 16 3 
27 27 27 8 3 16 
27 27 27 21 2 4 
27 27 27 21 3 3 
27 27 27 12 4 11 
27 27 27 17 2 8 
27 27 27 2 3 22 
27 27 27 2 22 3 
27 27 27 8 3 16 
27 27 27 8 3 16 
27 27 27 8 3 16 
27 27 27 8 16 3 
27 27 27 8 16 3 
27 27 27 8 3 16 
27 27 27 3 4 20 
27 27 27 3 4 20 
27 27 5 23 22 4 
27 27 5 25 2 22 
27 27 5 2 25 22 
27 27 5 16 22 11 
27 27 5 16 22 11 
27 27 5 22 4 23 
27 27 5 22 11 16 
27 27 23 25 2 4 
27 27 23 2 25 4 
27 27 23 16 4 11 
27 27 23 16 4 11 
27 27 23 4 11 16 
27 27 52 25 52 25 
27 27 52 25 52 25 
27 27 52 25 25 52 
27 27 25 52 52 25 
27 27 25 52 25 52 
27 27 25 2 16 11 
27 27 25 2 16 11 
27 27 25 2 4 23 
27 27 25 2 11 16 
27 27 25 52 25 52 
27 27 2 25 16 11 
27 27 2 25 16 11 
27 27 2 25 4 23 
27 27 2 25 11 16 
27 27 30 30 3 3 
27 27 16 4 23 11 
27 27 16 4 23 11 
27 27 4 23 11 16 
27 26 30 30 3 4 
27 26 30 30 3 4 
27 47 5 52 25 52 
27 47 5 52 25 52 
27 47 5 52 25 52 
27 47 5 52 52 25 
27 47 5 52 52 25 
27 47 5 52 25 52 
27 47 5 25 52 52 
27 47 5 25 52 52 
27 47 5 25 52 52 
27 47 5 52 52 25 
27 47 5 52 25 52 
27 47 5 52 25 52 
27 27 5 23 22 4 
27 27 5 25 2 22 
27 27 5 2 25 22 
27 27 5 16 22 11 
27 27 5 16 22 11 
27 27 5 22 4 23 
27 27 5 22 11 16 
27 27 23 25 2 4 
27 27 23 2 25 4 
27 27 23 16 4 11 
27 27 23 16 4 11 
27 27 23 4 11 16 
27 27 52 25 52 25 
27 27 52 25 52 25 
27 27 52 25 25 52 
27 27 25 52 52 25 
27 27 25 52 25 52 
27 27 25 2 16 11 
27 27 25 2 16 11 
27 27 25 2 4 23 
27 27 25 2 11 16 
27 27 25 52 25 52 
27 27 2 25 16 11 
27 27 2 25 16 11 
27 27 2 25 4 23 
27 27 2 25 11 16 
27 27 30 30 3 3 
27 27 16 4 23 11 
27 27 16 4 23 11 
27 27 4 23 11 16 
27 5 52 52 52 20 
27 5 52 52 52 20 
27 5 52 52 52 20 
27 5 25 30 30 3 
27 5 25 30 30 3 
27 5 52 52 52 20 
27 5 30 30 25 3 
27 5 30 30 25 3 
27 36 52 25 52 16 
27 36 52 25 52 16 
27 36 52 25 52 16 
27 36 52 25 52 16 
27 36 52 25 52 16 
27 36 52 25 52 16 
27 36 52 25 16 52 
27 36 52 25 16 52 
27 36 52 25 52 16 
27 36 52 52 25 16 
27 36 52 52 25 16 
27 36 52 52 25 16 
27 36 52 52 25 16 
27 36 52 52 25 16 
27 36 52 52 25 16 
27 36 52 25 16 52 
27 36 52 25 16 52 
27 36 52 25 52 16 
27 36 25 52 52 16 
27 36 25 52 52 16 
27 36 25 52 52 16 
27 36 25 52 16 52 
27 36 25 52 16 52 
27 36 25 52 52 16 
27 36 25 52 16 52 
27 36 25 52 16 52 
27 36 25 52 52 16 
27 36 52 52 25 16 
27 36 52 52 25 16 
27 36 52 52 25 16 
27 36 52 25 16 52 
27 36 52 25 16 52 
27 36 52 25 52 16 
27 36 52 25 16 52 
27 36 52 25 16 52 
27 36 52 25 52 16 
27 37 8 45 18 45 
27 37 45 8 18 45 
27 8 17 52 52 52 
27 8 17 52 52 52 
27 8 17 52 52 52 
27 8 17 52 52 52 
27 8 52 25 52 44 
27 8 52 25 52 44 
27 8 52 25 44 52 
27 8 52 52 44 25 
27 8 52 52 44 25 
27 8 52 44 25 52 
27 8 25 52 52 44 
27 8 25 52 44 52 
27 8 25 52 44 52 
27 8 45 18 45 37 
27 8 52 52 44 25 
27 8 52 44 25 52 
27 8 52 44 25 52 
27 8 30 30 3 22 
27 8 30 30 22 3 
27 21 52 25 52 31 
27 21 52 25 52 31 
27 21 52 25 31 52 
27 21 52 52 52 4 
27 21 52 52 31 25 
27 21 52 52 52 4 
27 21 52 52 31 25 
27 21 52 52 52 4 
27 21 52 31 25 52 
27 21 25 52 52 31 
27 21 25 52 31 52 
27 21 25 52 31 52 
27 21 52 52 31 25 
27 21 52 52 52 4 
27 21 52 31 25 52 
27 21 52 31 25 52 
27 12 45 18 45 33 
27 12 30 30 18 3 
27 12 30 30 18 3 
27 34 52 25 52 18 
27 34 52 25 52 18 
27 34 52 25 18 52 
27 34 52 52 18 25 
27 34 52 52 18 25 
27 34 52 18 25 52 
27 34 25 52 52 18 
27 34 25 52 18 52 
27 34 25 52 18 52 
27 34 45 18 45 11 
27 34 52 52 18 25 
27 34 52 18 25 52 
27 34 52 18 25 52 
27 17 52 52 8 52 
27 17 52 52 8 52 
27 17 52 8 52 52 
27 17 28 45 18 45 
27 17 45 18 45 28 
27 17 52 8 52 52 
27 23 52 29 25 52 
27 23 52 29 25 52 
27 23 52 29 25 52 
27 23 52 29 52 25 
27 23 52 29 52 25 
27 23 52 29 25 52 
27 23 52 52 2 52 
27 23 52 52 2 52 
27 23 52 2 52 52 
27 23 29 25 52 52 
27 23 29 25 52 52 
27 23 29 25 52 52 
27 23 29 52 52 25 
27 23 29 52 25 52 
27 23 29 52 25 52 
27 23 45 18 45 22 
27 23 52 2 52 52 
27 52 29 25 52 23 
27 52 29 25 52 23 
27 52 29 25 52 23 
27 52 29 52 25 23 
27 52 29 52 25 23 
27 52 29 25 52 23 
27 52 25 52 8 44 
27 52 25 52 30 22 
27 52 25 52 30 22 
27 52 25 52 3 49 
27 52 25 52 49 3 
27 52 25 8 52 44 
27 52 25 8 44 52 
27 52 25 52 30 22 
27 52 25 52 30 22 
27 52 25 52 3 49 
27 52 25 52 49 3 
27 52 25 30 52 22 
27 52 25 30 52 22 
27 52 25 3 49 52 
27 52 25 49 52 3 
27 52 52 2 52 23 
27 52 52 2 52 23 
27 52 52 8 44 25 
27 52 52 52 3 22 
27 52 52 52 22 3 
27 52 52 30 25 22 
27 52 52 30 25 22 
27 52 52 25 3 49 
27 52 52 25 49 3 
27 52 52 3 52 22 
27 52 52 52 22 3 
27 52 2 52 52 23 
27 52 8 52 44 25 
27 52 8 44 25 52 
27 52 52 30 25 22 
27 52 52 30 25 22 
27 52 52 25 3 49 
27 52 52 25 49 3 
27 52 52 3 52 22 
27 52 52 52 22 3 
27 52 30 25 52 22 
27 52 30 25 52 22 
27 52 25 3 49 52 
27 52 25 49 52 3 
27 29 25 52 52 23 
27 29 25 52 52 23 
27 29 25 52 52 23 
27 29 45 18 45 16 
27 29 45 18 45 16 
27 29 45 18 45 16 
27 29 52 52 25 23 
27 29 52 25 52 23 
27 29 52 25 52 23 
27 28 2 30 30 3 
27 28 2 30 30 3 
27 25 45 18 45 20 
27 25 52 8 52 44 
27 25 52 8 44 52 
27 25 52 52 30 22 
27 25 52 52 30 22 
27 25 52 52 3 49 
27 25 52 52 49 3 
27 25 52 30 52 22 
27 25 52 30 52 22 
27 25 52 3 49 52 
27 25 52 49 52 3 
27 25 8 52 44 52 
27 25 52 30 52 22 
27 25 52 30 52 22 
27 25 52 3 49 52 
27 25 52 49 52 3 
27 45 8 18 45 37 
27 45 18 25 45 20 
27 45 18 45 22 23 
27 52 2 52 52 23 
27 52 8 52 44 25 
27 52 8 44 25 52 
27 52 52 30 25 22 
27 52 52 30 25 22 
27 52 52 25 3 49 
27 52 52 25 49 3 
27 52 52 3 52 22 
27 52 52 52 22 3 
27 52 30 25 52 22 
27 52 30 25 52 22 
27 52 25 3 49 52 
27 52 25 49 52 3 
27 2 30 30 3 28 
27 2 30 30 28 3 
27 8 52 44 25 52 
27 8 30 30 3 22 
27 8 30 30 22 3 
27 52 30 25 52 22 
27 52 30 25 52 22 
27 52 25 3 49 52 
27 52 25 49 52 3 
27 26 30 30 3 4 
27 26 30 30 3 4 
27 47 5 52 25 52 
27 47 5 52 25 52 
27 47 5 52 25 52 
27 47 5 52 52 25 
27 47 5 52 52 25 
27 47 5 52 25 52 
27 47 5 25 52 52 
27 47 5 25 52 52 
27 47 5 25 52 52 
27 47 5 52 52 25 
27 47 5 52 25 52 
27 47 5 52 25 52 
27 27 5 23 22 4 
27 27 5 25 2 22 
27 27 5 2 25 22 
27 27 5 16 22 11 
27 27 5 16 22 11 
27 27 5 22 4 23 
27 27 5 22 11 16 
27 27 23 25 2 4 
27 27 23 2 25 4 
27 27 23 16 4 11 
27 27 23 16 4 11 
27 27 23 4 11 16 
27 27 52 25 52 25 
27 27 52 25 52 25 
27 27 52 25 25 52 
27 27 25 52 52 25 
27 27 25 52 25 52 
27 27 25 2 16 11 
27 27 25 2 16 11 
27 27 25 2 4 23 
27 27 25 2 11 16 
27 27 25 52 25 52 
27 27 2 25 16 11 
27 27 2 25 16 11 
27 27 2 25 4 23 
27 27 2 25 11 16 
27 27 30 30 3 3 
27 27 16 4 23 11 
27 27 16 4 23 11 
27 27 4 23 11 16 
27 5 52 52 52 20 
27 5 52 52 52 20 
27 5 52 52 52 20 
27 5 25 30 30 3 
27 5 25 30 30 3 
27 5 52 52 52 20 
27 5 30 30 25 3 
27 5 30 30 25 3 
27 36 52 25 52 16 
27 36 52 25 52 16 
27 36 52 25 52 16 
27 36 52 25 52 16 
27 36 52 25 52 16 
27 36 52 25 52 16 
27 36 52 25 16 52 
27 36 52 25 16 52 
27 36 52 25 52 16 
27 36 52 52 25 16 
27 36 52 52 25 16 
27 36 52 52 25 16 
27 36 52 52 25 16 
27 36 52 52 25 16 
27 36 52 52 25 16 
27 36 52 25 16 52 
27 36 52 25 16 52 
27 36 52 25 52 16 
27 36 25 52 52 16 
27 36 25 52 52 16 
27 36 25 52 52 16 
27 36 25 52 16 52 
27 36 25 52 16 52 
27 36 25 52 52 16 
27 36 25 52 16 52 
27 36 25 52 16 52 
27 36 25 52 52 16 
27 36 52 52 25 16 
27 36 52 52 25 16 
27 36 52 52 25 16 
27 36 52 25 16 52 
27 36 52 25 16 52 
27 36 52 25 52 16 
27 36 52 25 16 52 
27 36 52 25 16 52 
27 36 52 25 52 16 
27 37 8 45 18 45 
27 37 45 8 18 45 
27 8 17 52 52 52 
27 8 17 52 52 52 
27 8 17 52 52 52 
27 8 17 52 52 52 
27 8 52 25 52 44 
27 8 52 25 52 44 
27 8 52 25 44 52 
27 8 52 52 44 25 
27 8 52 52 44 25 
27 8 52 44 25 52 
27 8 25 52 52 44 
27 8 25 52 44 52 
27 8 25 52 44 52 
27 8 45 18 45 37 
27 8 52 52 44 25 
27 8 52 44 25 52 
27 8 52 44 25 52 
27 8 30 30 3 22 
27 8 30 30 22 3 
27 21 52 25 52 31 
27 21 52 25 52 31 
27 21 52 25 31 52 
27 21 52 52 52 4 
27 21 52 52 31 25 
27 21 52 52 52 4 
27 21 52 52 31 25 
27 21 52 52 52 4 
27 21 52 31 25 52 
27 21 25 52 52 31 
27 21 25 52 31 52 
27 21 25 52 31 52 
27 21 52 52 31 25 
27 21 52 52 52 4 
27 21 52 31 25 52 
27 21 52 31 25 52 
27 12 45 18 45 33 
27 12 30 30 18 3 
27 12 30 30 18 3 
27 34 52 25 52 18 
27 34 52 25 52 18 
27 34 52 25 18 52 
27 34 52 52 18 25 
27 34 52 52 18 25 
27 34 52 18 25 52 
27 34 25 52 52 18 
27 34 25 52 18 52 
27 34 25 52 18 52 
27 34 45 18 45 11 
27 34 52 52 18 25 
27 34 52 18 25 52 
27 34 52 18 25 52 
27 17 52 52 8 52 
27 17 52 52 8 52 
27 17 52 8 52 52 
27 17 28 45 18 45 
27 17 45 18 45 28 
27 17 52 8 52 52 
27 23 52 29 25 52 
27 23 52 29 25 52 
27 23 52 29 25 52 
27 23 52 29 52 25 
27 23 52 29 52 25 
27 23 52 29 25 52 
27 23 52 52 2 52 
27 23 52 52 2 52 
27 23 52 2 52 52 
27 23 29 25 52 52 
27 23 29 25 52 52 
27 23 29 25 52 52 
27 23 29 52 52 25 
27 23 29 52 25 52 
27 23 29 52 25 52 
27 23 45 18 45 22 
27 23 52 2 52 52 
27 52 29 25 52 23 
27 52 29 25 52 23 
27 52 29 25 52 23 
27 52 29 52 25 23 
27 52 29 52 25 23 
27 52 29 25 52 23 
27 52 25 52 8 44 
27 52 25 52 30 22 
27 52 25 52 30 22 
27 52 25 52 3 49 
27 52 25 52 49 3 
27 52 25 8 52 44 
27 52 25 8 44 52 
27 52 25 52 30 22 
27 52 25 52 30 22 
27 52 25 52 3 49 
27 52 25 52 49 3 
27 52 25 30 52 22 
27 52 25 30 52 22 
27 52 25 3 49 52 
27 52 25 49 52 3 
27 52 52 2 52 23 
27 52 52 2 52 23 
27 52 52 8 44 25 
27 52 52 52 3 22 
27 52 52 52 22 3 
27 52 52 30 25 22 
27 52 52 30 25 22 
27 52 52 25 3 49 
27 52 52 25 49 3 
27 52 52 3 52 22 
27 52 52 52 22 3 
27 52 2 52 52 23 
27 52 8 52 44 25 
27 52 8 44 25 52 
27 52 52 30 25 22 
27 52 52 30 25 22 
27 52 52 25 3 49 
27 52 52 25 49 3 
27 52 52 3 52 22 
27 52 52 52 22 3 
27 52 30 25 52 22 
27 52 30 25 52 22 
27 52 25 3 49 52 
27 52 25 49 52 3 
27 29 25 52 52 23 
27 29 25 52 52 23 
27 29 25 52 52 23 
27 29 45 18 45 16 
27 29 45 18 45 16 
27 29 45 18 45 16 
27 29 52 52 25 23 
27 29 52 25 52 23 
27 29 52 25 52 23 
27 28 2 30 30 3 
27 28 2 30 30 3 
27 25 45 18 45 20 
27 25 52 8 52 44 
27 25 52 8 44 52 
27 25 52 52 30 22 
27 25 52 52 30 22 
27 25 52 52 3 49 
27 25 52 52 49 3 
27 25 52 30 52 22 
27 25 52 30 52 22 
27 25 52 3 49 52 
27 25 52 49 52 3 
27 25 8 52 44 52 
27 25 52 30 52 22 
27 25 52 30 52 22 
27 25 52 3 49 52 
27 25 52 49 52 3 
27 45 8 18 45 37 
27 45 18 25 45 20 
27 45 18 45 22 23 
27 52 2 52 52 23 
27 52 8 52 44 25 
27 52 8 44 25 52 
27 52 52 30 25 22 
27 52 52 30 25 22 
27 52 52 25 3 49 
27 52 52 25 49 3 
27 52 52 3 52 22 
27 52 52 52 22 3 
27 52 30 25 52 22 
27 52 30 25 52 22 
27 52 25 3 49 52 
27 52 25 49 52 3 
27 2 30 30 3 28 
27 2 30 30 28 3 
27 8 52 44 25 52 
27 8 30 30 3 22 
27 8 30 30 22 3 
27 52 30 25 52 22 
27 52 30 25 52 22 
27 52 25 3 49 52 
27 52 25 49 52 3 
26 27 30 30 3 4 
26 27 30 30 3 4 
26 5 21 52 52 52 
26 5 21 52 52 52 
26 5 21 52 52 52 
26 5 21 52 52 52 
26 5 23 28 2 28 
26 5 28 2 28 23 
26 5 25 30 30 4 
26 5 30 30 25 4 
26 37 8 29 37 11 
26 37 21 37 16 11 
26 37 21 37 16 11 
26 37 21 37 11 16 
26 37 12 25 37 11 
26 37 12 25 37 11 
26 37 34 3 37 11 
26 37 34 37 3 11 
26 37 17 37 20 11 
26 37 29 8 37 11 
26 37 37 4 33 11 
26 8 52 52 52 18 
26 8 52 52 18 52 
26 8 52 52 18 52 
26 8 28 2 28 20 
26 8 52 52 18 52 
26 8 30 30 22 4 
26 21 46 25 20 46 
26 21 46 25 20 46 
26 12 34 46 20 46 
26 12 28 2 16 28 
26 12 28 2 28 16 
26 12 28 2 28 16 
26 12 30 30 18 4 
26 17 46 29 20 46 
26 17 28 2 28 11 
26 46 23 23 20 46 
26 46 28 18 20 46 
26 46 2 44 20 46 
26 46 30 16 20 46 
26 46 30 16 20 46 
26 46 30 20 46 16 
26 46 30 16 20 46 
26 46 30 16 20 46 
26 46 30 20 46 16 
26 46 18 28 20 46 
26 23 52 52 52 3 
26 23 52 52 52 3 
26 23 52 52 3 52 
26 23 52 52 52 3 
26 23 52 52 3 52 
26 23 52 52 52 3 
26 23 52 52 3 52 
26 23 52 52 52 3 
26 52 52 8 52 18 
26 52 52 8 18 52 
26 52 52 52 3 23 
26 52 52 52 22 4 
26 52 52 52 3 23 
26 52 52 3 52 23 
26 52 52 52 22 4 
26 52 52 52 3 23 
26 52 8 52 18 52 
26 52 52 3 52 23 
26 52 52 52 22 4 
26 52 52 52 3 23 
26 28 25 2 3 28 
26 28 25 2 28 3 
26 28 2 8 28 20 
26 28 2 30 30 4 
26 28 2 25 3 28 
26 28 2 25 28 3 
26 52 8 52 18 52 
26 52 52 3 52 23 
26 52 52 52 22 4 
26 52 52 52 3 23 
26 2 30 30 28 4 
26 8 30 30 22 4 
47 27 5 52 25 52 
47 27 5 52 25 52 
47 27 5 52 25 52 
47 27 5 52 52 25 
47 27 5 52 52 25 
47 27 5 52 25 52 
47 27 5 25 52 52 
47 27 5 25 52 52 
47 27 5 25 52 52 
47 27 5 52 52 25 
47 27 5 52 25 52 
47 27 5 52 25 52 
47 5 36 52 52 16 
47 5 36 52 52 16 
47 5 36 52 52 16 
47 5 36 52 52 16 
47 5 36 52 52 16 
47 5 36 52 52 16 
47 5 36 52 16 52 
47 5 36 52 16 52 
47 5 36 52 52 16 
47 5 36 52 52 16 
47 5 36 52 52 16 
47 5 36 52 52 16 
47 5 36 52 16 52 
47 5 36 52 16 52 
47 5 36 52 52 16 
47 5 36 52 16 52 
47 5 36 52 16 52 
47 5 36 52 52 16 
47 5 8 52 52 44 
47 5 8 52 52 44 
47 5 8 52 44 52 
47 5 8 52 52 44 
47 5 8 52 44 52 
47 5 8 52 44 52 
47 5 21 52 52 31 
47 5 21 52 52 31 
47 5 21 52 31 52 
47 5 21 52 52 31 
47 5 21 52 31 52 
47 5 21 52 31 52 
47 5 34 52 52 18 
47 5 34 52 52 18 
47 5 34 52 18 52 
47 5 34 52 52 18 
47 5 34 52 18 52 
47 5 34 52 18 52 
47 5 23 52 29 52 
47 5 23 52 29 52 
47 5 23 52 29 52 
47 5 23 29 52 52 
47 5 23 29 52 52 
47 5 23 29 52 52 
47 5 52 29 52 23 
47 5 52 29 52 23 
47 5 52 29 52 23 
47 5 52 52 8 44 
47 5 52 52 30 22 
47 5 52 52 30 22 
47 5 52 52 3 49 
47 5 52 52 49 3 
47 5 52 8 52 44 
47 5 52 8 44 52 
47 5 52 52 30 22 
47 5 52 52 30 22 
47 5 52 52 3 49 
47 5 52 52 49 3 
47 5 52 30 52 22 
47 5 52 30 52 22 
47 5 52 3 49 52 
47 5 52 49 52 3 
47 5 29 52 52 23 
47 5 29 52 52 23 
47 5 29 52 52 23 
47 5 52 8 52 44 
47 5 52 8 44 52 
47 5 52 52 30 22 
47 5 52 52 30 22 
47 5 52 52 3 49 
47 5 52 52 49 3 
47 5 52 30 52 22 
47 5 52 30 52 22 
47 5 52 3 49 52 
47 5 52 49 52 3 
47 5 8 52 44 52 
47 5 52 30 52 22 
47 5 52 30 52 22 
47 5 52 3 49 52 
47 5 52 49 52 3 
47 52 52 2 52 3 
47 52 52 2 52 3 
47 52 52 2 3 52 
47 52 52 2 52 3 
47 52 2 52 3 52 
47 52 2 52 52 3 
47 52 2 52 3 52 
47 52 2 52 52 3 
27 5 52 52 52 20 
27 5 52 52 52 20 
27 5 52 52 52 20 
27 5 25 30 30 3 
27 5 25 30 30 3 
27 5 52 52 52 20 
27 5 30 30 25 3 
27 5 30 30 25 3 
27 36 52 25 52 16 
27 36 52 25 52 16 
27 36 52 25 52 16 
27 36 52 25 52 16 
27 36 52 25 52 16 
27 36 52 25 52 16 
27 36 52 25 16 52 
27 36 52 25 16 52 
27 36 52 25 52 16 
27 36 52 52 25 16 
27 36 52 52 25 16 
27 36 52 52 25 16 
27 36 52 52 25 16 
27 36 52 52 25 16 
27 36 52 52 25 16 
27 36 52 25 16 52 
27 36 52 25 16 52 
27 36 52 25 52 16 
27 36 25 52 52 16 
27 36 25 52 52 16 
27 36 25 52 52 16 
27 36 25 52 16 52 
27 36 25 52 16 52 
27 36 25 52 52 16 
27 36 25 52 16 52 
27 36 25 52 16 52 
27 36 25 52 52 16 
27 36 52 52 25 16 
27 36 52 52 25 16 
27 36 52 52 25 16 
27 36 52 25 16 52 
27 36 52 25 16 52 
27 36 52 25 52 16 
27 36 52 25 16 52 
27 36 52 25 16 52 
27 36 52 25 52 16 
27 37 8 45 18 45 
27 37 45 8 18 45 
27 8 17 52 52 52 
27 8 17 52 52 52 
27 8 17 52 52 52 
27 8 17 52 52 52 
27 8 52 25 52 44 
27 8 52 25 52 44 
27 8 52 25 44 52 
27 8 52 52 44 25 
27 8 52 52 44 25 
27 8 52 44 25 52 
27 8 25 52 52 44 
27 8 25 52 44 52 
27 8 25 52 44 52 
27 8 45 18 45 37 
27 8 52 52 44 25 
27 8 52 44 25 52 
27 8 52 44 25 52 
27 8 30 30 3 22 
27 8 30 30 22 3 
27 21 52 25 52 31 
27 21 52 25 52 31 
27 21 52 25 31 52 
27 21 52 52 52 4 
27 21 52 52 31 25 
27 21 52 52 52 4 
27 21 52 52 31 25 
27 21 52 52 52 4 
27 21 52 31 25 52 
27 21 25 52 52 31 
27 21 25 52 31 52 
27 21 25 52 31 52 
27 21 52 52 31 25 
27 21 52 52 52 4 
27 21 52 31 25 52 
27 21 52 31 25 52 
27 12 45 18 45 33 
27 12 30 30 18 3 
27 12 30 30 18 3 
27 34 52 25 52 18 
27 34 52 25 52 18 
27 34 52 25 18 52 
27 34 52 52 18 25 
27 34 52 52 18 25 
27 34 52 18 25 52 
27 34 25 52 52 18 
27 34 25 52 18 52 
27 34 25 52 18 52 
27 34 45 18 45 11 
27 34 52 52 18 25 
27 34 52 18 25 52 
27 34 52 18 25 52 
27 17 52 52 8 52 
27 17 52 52 8 52 
27 17 52 8 52 52 
27 17 28 45 18 45 
27 17 45 18 45 28 
27 17 52 8 52 52 
27 23 52 29 25 52 
27 23 52 29 25 52 
27 23 52 29 25 52 
27 23 52 29 52 25 
27 23 52 29 52 25 
27 23 52 29 25 52 
27 23 52 52 2 52 
27 23 52 52 2 52 
27 23 52 2 52 52 
27 23 29 25 52 52 
27 23 29 25 52 52 
27 23 29 25 52 52 
27 23 29 52 52 25 
27 23 29 52 25 52 
27 23 29 52 25 52 
27 23 45 18 45 22 
27 23 52 2 52 52 
27 52 29 25 52 23 
27 52 29 25 52 23 
27 52 29 25 52 23 
27 52 29 52 25 23 
27 52 29 52 25 23 
27 52 29 25 52 23 
27 52 25 52 8 44 
27 52 25 52 30 22 
27 52 25 52 30 22 
27 52 25 52 3 49 
27 52 25 52 49 3 
27 52 25 8 52 44 
27 52 25 8 44 52 
27 52 25 52 30 22 
27 52 25 52 30 22 
27 52 25 52 3 49 
27 52 25 52 49 3 
27 52 25 30 52 22 
27 52 25 30 52 22 
27 52 25 3 49 52 
27 52 25 49 52 3 
27 52 52 2 52 23 
27 52 52 2 52 23 
27 52 52 8 44 25 
27 52 52 52 3 22 
27 52 52 52 22 3 
27 52 52 30 25 22 
27 52 52 30 25 22 
27 52 52 25 3 49 
27 52 52 25 49 3 
27 52 52 3 52 22 
27 52 52 52 22 3 
27 52 2 52 52 23 
27 52 8 52 44 25 
27 52 8 44 25 52 
27 52 52 30 25 22 
27 52 52 30 25 22 
27 52 52 25 3 49 
27 52 52 25 49 3 
27 52 52 3 52 22 
27 52 52 52 22 3 
27 52 30 25 52 22 
27 52 30 25 52 22 
27 52 25 3 49 52 
27 52 25 49 52 3 
27 29 25 52 52 23 
27 29 25 52 52 23 
27 29 25 52 52 23 
27 29 45 18 45 16 
27 29 45 18 45 16 
27 29 45 18 45 16 
27 29 52 52 25 23 
27 29 52 25 52 23 
27 29 52 25 52 23 
27 28 2 30 30 3 
27 28 2 30 30 3 
27 25 45 18 45 20 
27 25 52 8 52 44 
27 25 52 8 44 52 
27 25 52 52 30 22 
27 25 52 52 30 22 
27 25 52 52 3 49 
27 25 52 52 49 3 
27 25 52 30 52 22 
27 25 52 30 52 22 
27 25 52 3 49 52 
27 25 52 49 52 3 
27 25 8 52 44 52 
27 25 52 30 52 22 
27 25 52 30 52 22 
27 25 52 3 49 52 
27 25 52 49 52 3 
27 45 8 18 45 37 
27 45 18 25 45 20 
27 45 18 45 22 23 
27 52 2 52 52 23 
27 52 8 52 44 25 
27 52 8 44 25 52 
27 52 52 30 25 22 
27 52 52 30 25 22 
27 52 52 25 3 49 
27 52 52 25 49 3 
27 52 52 3 52 22 
27 52 52 52 22 3 
27 52 30 25 52 22 
27 52 30 25 52 22 
27 52 25 3 49 52 
27 52 25 49 52 3 
27 2 30 30 3 28 
27 2 30 30 28 3 
27 8 52 44 25 52 
27 8 30 30 3 22 
27 8 30 30 22 3 
27 52 30 25 52 22 
27 52 30 25 52 22 
27 52 25 3 49 52 
27 52 25 49 52 3 
5 36 52 52 52 11 
5 36 52 52 52 11 
5 36 52 52 52 11 
5 36 52 52 52 11 
5 8 17 25 25 20 
5 8 23 28 28 20 
5 8 52 52 52 39 
5 8 52 52 52 39 
5 8 52 52 52 39 
5 8 28 28 23 20 
5 8 25 30 30 22 
5 8 52 52 52 39 
5 8 8 16 16 11 
5 8 8 16 11 16 
5 8 8 16 11 16 
5 8 30 30 25 22 
5 8 3 16 16 16 
5 8 16 16 3 16 
5 21 23 2 18 23 
5 21 25 25 4 20 
5 12 23 28 16 28 
5 12 23 28 28 16 
5 12 23 28 28 16 
5 12 23 18 23 11 
5 12 28 16 28 23 
5 12 28 28 16 23 
5 12 28 28 23 16 
5 12 25 30 30 18 
5 12 30 30 18 25 
5 12 16 16 4 11 
5 12 16 4 11 16 
5 12 16 4 11 16 
5 17 23 28 28 11 
5 17 52 52 52 30 
5 17 52 52 52 30 
5 17 52 52 30 52 
5 17 52 52 30 52 
5 17 52 52 30 52 
5 17 52 52 30 52 
5 17 28 28 23 11 
5 17 25 8 25 20 
5 17 52 52 30 52 
5 17 52 52 30 52 
5 23 28 25 3 28 
5 23 28 25 28 3 
5 23 28 8 28 20 
5 23 28 25 3 28 
5 23 28 25 28 3 
5 23 25 2 25 20 
5 23 18 3 23 20 
5 23 18 3 23 20 
5 52 29 52 52 18 
5 52 29 52 18 52 
5 52 29 52 18 52 
5 52 25 52 52 22 
5 52 25 52 52 22 
5 52 25 52 52 22 
5 52 45 52 2 52 
5 52 45 52 2 52 
5 52 45 2 52 52 
5 52 52 2 52 45 
5 52 52 2 45 52 
5 52 52 8 52 39 
5 52 52 8 52 39 
5 52 52 52 44 3 
5 52 52 52 44 3 
5 52 52 52 31 16 
5 52 52 52 31 16 
5 52 52 52 31 16 
5 52 52 52 25 22 
5 52 52 44 3 52 
5 52 52 44 52 3 
5 52 52 31 16 52 
5 52 52 31 16 52 
5 52 52 31 52 16 
5 52 52 25 52 22 
5 52 2 52 45 52 
5 52 8 52 52 39 
5 52 52 44 3 52 
5 52 52 44 52 3 
5 52 52 31 16 52 
5 52 52 31 16 52 
5 52 52 31 52 16 
5 52 52 25 52 22 
5 29 52 52 18 52 
5 28 25 2 30 30 
5 28 25 3 28 23 
5 28 25 28 3 23 
5 28 2 30 30 25 
5 28 8 28 23 20 
5 28 25 3 28 23 
5 28 25 28 3 23 
5 25 52 52 52 22 
5 25 2 30 30 28 
5 25 2 25 23 20 
5 25 8 30 30 22 
5 25 25 3 22 20 
5 25 25 22 3 20 
5 45 52 2 52 52 
5 52 2 52 45 52 
5 52 8 52 52 39 
5 52 52 44 3 52 
5 52 52 44 52 3 
5 52 52 31 16 52 
5 52 52 31 16 52 
5 52 52 31 52 16 
5 52 52 25 52 22 
5 2 30 30 25 28 
5 8 30 30 25 22 
5 8 3 16 16 16 
5 8 16 16 3 16 
36 8 52 52 8 52 
36 8 52 52 8 52 
36 8 52 52 44 16 
36 8 52 52 44 16 
36 8 52 52 44 16 
36 8 52 8 52 52 
36 8 52 52 44 16 
36 8 52 52 44 16 
36 8 52 52 44 16 
36 8 52 44 16 52 
36 8 52 44 16 52 
36 8 52 44 52 16 
36 8 52 8 52 52 
36 8 52 52 44 16 
36 8 52 52 44 16 
36 8 52 52 44 16 
36 8 52 44 16 52 
36 8 52 44 16 52 
36 8 52 44 52 16 
36 8 52 44 16 52 
36 8 52 44 16 52 
36 8 52 44 52 16 
36 21 52 52 31 16 
36 21 52 52 31 16 
36 21 52 52 31 16 
36 21 52 52 31 16 
36 21 52 52 31 16 
36 21 52 52 31 16 
36 21 52 31 16 52 
36 21 52 31 16 52 
36 21 52 31 52 16 
36 21 52 52 31 16 
36 21 52 52 31 16 
36 21 52 52 31 16 
36 21 52 31 16 52 
36 21 52 31 16 52 
36 21 52 31 52 16 
36 21 52 31 16 52 
36 21 52 31 16 52 
36 21 52 31 52 16 
36 12 52 52 52 4 
36 12 52 52 52 4 
36 12 52 52 52 4 
36 12 52 52 52 4 
36 34 52 52 18 16 
36 34 52 52 18 16 
36 34 52 52 18 16 
36 34 52 52 18 16 
36 34 52 52 18 16 
36 34 52 52 18 16 
36 34 52 18 16 52 
36 34 52 18 16 52 
36 34 52 18 52 16 
36 34 52 52 18 16 
36 34 52 52 18 16 
36 34 52 52 18 16 
36 34 52 18 16 52 
36 34 52 18 16 52 
36 34 52 18 52 16 
36 34 52 18 16 52 
36 34 52 18 16 52 
36 34 52 18 52 16 
36 23 52 29 52 16 
36 23 52 29 52 16 
36 23 52 29 52 16 
36 23 52 29 52 16 
36 23 52 29 52 16 
36 23 52 29 52 16 
36 23 52 29 16 52 
36 23 52 29 16 52 
36 23 52 29 52 16 
36 23 29 52 52 16 
36 23 29 52 52 16 
36 23 29 52 52 16 
36 23 29 52 16 52 
36 23 29 52 16 52 
36 23 29 52 52 16 
36 23 29 52 16 52 
36 23 29 52 16 52 
36 23 29 52 52 16 
36 52 29 52 16 23 
36 52 29 52 16 23 
36 52 29 52 23 16 
36 52 29 52 16 23 
36 52 29 52 16 23 
36 52 29 52 23 16 
36 52 29 16 52 23 
36 52 29 16 52 23 
36 52 29 52 23 16 
36 52 52 8 44 16 
36 52 52 8 44 16 
36 52 52 8 44 16 
36 52 52 30 16 22 
36 52 52 30 16 22 
36 52 52 30 22 16 
36 52 52 30 16 22 
36 52 52 30 16 22 
36 52 52 30 22 16 
36 52 52 3 49 16 
36 52 52 3 49 16 
36 52 52 3 49 16 
36 52 52 49 16 3 
36 52 52 49 16 3 
36 52 52 49 3 16 
36 52 8 52 44 16 
36 52 8 52 44 16 
36 52 8 52 44 16 
36 52 8 44 16 52 
36 52 8 44 16 52 
36 52 8 44 52 16 
36 52 52 30 16 22 
36 52 52 30 16 22 
36 52 52 30 22 16 
36 52 52 30 16 22 
36 52 52 30 16 22 
36 52 52 30 22 16 
36 52 52 3 49 16 
36 52 52 3 49 16 
36 52 52 3 49 16 
36 52 52 49 16 3 
36 52 52 49 16 3 
36 52 52 49 3 16 
36 52 30 16 52 22 
36 52 30 16 52 22 
36 52 30 52 22 16 
36 52 30 16 52 22 
36 52 30 16 52 22 
36 52 30 52 22 16 
36 52 3 49 16 52 
36 52 3 49 16 52 
36 52 3 49 52 16 
36 52 49 16 52 3 
36 52 49 16 52 3 
36 52 49 52 3 16 
36 29 52 52 16 23 
36 29 52 52 16 23 
36 29 52 52 23 16 
36 29 52 16 52 23 
36 29 52 16 52 23 
36 29 52 52 23 16 
36 29 52 16 52 23 
36 29 52 16 52 23 
36 29 52 52 23 16 
36 52 8 52 44 16 
36 52 8 52 44 16 
36 52 8 52 44 16 
36 52 8 44 16 52 
36 52 8 44 16 52 
36 52 8 44 52 16 
36 52 52 30 16 22 
36 52 52 30 16 22 
36 52 52 30 22 16 
36 52 52 30 16 22 
36 52 52 30 16 22 
36 52 52 30 22 16 
36 52 52 3 49 16 
36 52 52 3 49 16 
36 52 52 3 49 16 
36 52 52 49 16 3 
36 52 52 49 16 3 
36 52 52 49 3 16 
36 52 30 16 52 22 
36 52 30 16 52 22 
36 52 30 52 22 16 
36 52 30 16 52 22 
36 52 30 16 52 22 
36 52 30 52 22 16 
36 52 3 49 16 52 
36 52 3 49 16 52 
36 52 3 49 52 16 
36 52 49 16 52 3 
36 52 49 16 52 3 
36 52 49 52 3 16 
36 8 52 44 16 52 
36 8 52 44 16 52 
36 8 52 44 52 16 
36 52 30 16 52 22 
36 52 30 16 52 22 
36 52 30 52 22 16 
36 52 30 16 52 22 
36 52 30 16 52 22 
36 52 30 52 22 16 
36 52 3 49 16 52 
36 52 3 49 16 52 
36 52 3 49 52 16 
36 52 49 16 52 3 
36 52 49 16 52 3 
36 52 49 52 3 16 
37 8 21 29 37 16 
37 8 21 29 37 16 
37 8 21 29 37 16 
37 8 12 29 25 37 
37 8 12 29 25 37 
37 8 12 45 45 33 
37 8 34 29 3 37 
37 8 34 29 37 3 
37 8 34 45 45 11 
37 8 17 29 37 20 
37 8 17 28 45 45 
37 8 17 45 45 28 
37 8 23 45 45 22 
37 8 29 45 45 16 
37 8 29 45 45 16 
37 8 29 45 45 16 
37 8 29 37 4 33 
37 8 25 45 45 20 
37 8 45 8 45 37 
37 8 45 25 45 20 
37 8 45 45 22 23 
37 21 12 25 37 16 
37 21 12 25 37 16 
37 21 12 25 37 16 
37 21 12 25 37 16 
37 21 12 25 37 16 
37 21 12 25 37 16 
37 21 34 3 37 16 
37 21 34 3 37 16 
37 21 34 3 37 16 
37 21 34 37 16 3 
37 21 34 37 16 3 
37 21 34 37 3 16 
37 21 17 37 16 20 
37 21 17 37 16 20 
37 21 17 37 20 16 
37 21 29 8 37 16 
37 21 29 8 37 16 
37 21 29 8 37 16 
37 21 37 16 4 33 
37 21 37 16 4 33 
37 21 37 4 33 16 
37 12 34 25 3 37 
37 12 34 25 37 3 
37 12 34 25 3 37 
37 12 34 25 37 3 
37 12 17 25 37 20 
37 12 17 25 37 20 
37 12 52 52 52 3 
37 12 52 52 52 3 
37 12 52 52 3 52 
37 12 52 52 52 3 
37 12 52 52 3 52 
37 12 52 52 52 3 
37 12 29 25 8 37 
37 12 29 8 25 37 
37 12 25 37 4 33 
37 12 45 8 45 33 
37 12 52 52 3 52 
37 12 52 52 52 3 
37 12 25 37 4 33 
37 34 17 3 37 20 
37 34 17 37 3 20 
37 34 29 8 3 37 
37 34 29 8 37 3 
37 34 45 8 45 11 
37 34 3 37 4 33 
37 34 37 3 4 33 
37 17 29 8 37 20 
37 17 28 45 8 45 
37 17 45 8 45 28 
37 17 37 4 33 20 
37 23 45 8 45 22 
37 52 52 52 4 11 
37 52 52 52 4 11 
37 52 52 52 4 11 
37 29 45 8 45 16 
37 29 45 8 45 16 
37 29 45 8 45 16 
37 29 8 37 4 33 
37 25 45 8 45 20 
37 45 8 25 45 20 
37 45 8 45 22 23 
37 52 52 52 4 11 
8 21 17 25 25 4 
8 21 23 52 52 52 
8 21 23 52 52 52 
8 21 23 52 52 52 
8 21 23 52 52 52 
8 21 52 52 52 23 
8 21 52 52 44 31 
8 21 52 52 52 23 
8 21 52 52 44 31 
8 21 52 52 52 23 
8 21 52 44 31 52 
8 21 52 52 44 31 
8 21 52 52 52 23 
8 21 52 44 31 52 
8 21 52 44 31 52 
8 12 28 16 28 20 
8 12 28 28 16 20 
8 12 28 28 20 16 
8 12 45 45 37 33 
8 12 8 16 16 4 
8 12 8 16 4 16 
8 12 8 16 4 16 
8 12 30 30 18 22 
8 34 52 52 18 44 
8 34 52 52 18 44 
8 34 52 18 44 52 
8 34 45 45 37 11 
8 34 52 52 18 44 
8 34 52 18 44 52 
8 34 52 18 44 52 
8 17 23 25 2 25 
8 17 28 45 45 37 
8 17 28 28 20 11 
8 17 25 2 25 23 
8 17 25 25 3 22 
8 17 25 25 22 3 
8 17 45 45 37 28 
8 23 52 29 52 44 
8 23 52 29 52 44 
8 23 52 29 44 52 
8 23 29 52 52 44 
8 23 29 52 44 52 
8 23 29 52 44 52 
8 23 45 45 37 22 
8 52 29 52 44 23 
8 52 29 52 44 23 
8 52 29 44 52 23 
8 52 28 52 52 16 
8 52 28 52 52 16 
8 52 28 52 52 16 
8 52 28 52 16 52 
8 52 28 52 16 52 
8 52 28 52 52 16 
8 52 28 52 16 52 
8 52 28 52 16 52 
8 52 28 52 52 16 
8 52 52 52 16 28 
8 52 52 52 28 16 
8 52 52 52 28 16 
8 52 52 52 33 11 
8 52 52 30 44 22 
8 52 52 30 44 22 
8 52 52 44 3 49 
8 52 52 44 49 3 
8 52 52 16 28 52 
8 52 52 28 16 52 
8 52 52 28 52 16 
8 52 52 52 33 11 
8 52 52 30 44 22 
8 52 52 30 44 22 
8 52 52 44 3 49 
8 52 52 44 49 3 
8 52 52 16 28 52 
8 52 52 28 16 52 
8 52 52 28 52 16 
8 52 52 52 33 11 
8 52 30 44 52 22 
8 52 30 44 52 22 
8 52 44 3 49 52 
8 52 44 49 52 3 
8 29 45 45 37 16 
8 29 45 45 37 16 
8 29 45 45 37 16 
8 29 52 52 44 23 
8 29 52 44 52 23 
8 29 52 44 52 23 
8 28 25 3 28 20 
8 28 25 28 3 20 
8 28 52 52 16 52 
8 28 52 52 16 52 
8 28 52 52 52 16 
8 28 2 30 30 22 
8 28 25 3 28 20 
8 28 25 28 3 20 
8 25 45 45 37 20 
8 45 25 45 37 20 
8 45 45 37 22 23 
8 52 52 30 44 22 
8 52 52 30 44 22 
8 52 52 44 3 49 
8 52 52 44 49 3 
8 52 52 16 28 52 
8 52 52 28 16 52 
8 52 52 28 52 16 
8 52 52 52 33 11 
8 52 30 44 52 22 
8 52 30 44 52 22 
8 52 44 3 49 52 
8 52 44 49 52 3 
8 2 30 30 28 22 
8 52 30 44 52 22 
8 52 30 44 52 22 
8 52 44 3 49 52 
8 52 44 49 52 3 
21 12 34 46 25 46 
21 12 34 46 25 46 
21 12 23 2 23 11 
21 34 52 52 18 31 
21 34 52 52 18 31 
21 34 52 18 31 52 
21 34 52 52 18 31 
21 34 52 18 31 52 
21 34 52 18 31 52 
21 17 46 29 25 46 
21 17 46 29 25 46 
21 17 25 8 25 4 
21 46 23 25 23 46 
21 46 23 25 23 46 
21 46 28 25 18 46 
21 46 28 18 25 46 
21 46 25 2 44 46 
21 46 25 30 16 46 
21 46 25 30 16 46 
21 46 25 30 46 16 
21 46 25 30 16 46 
21 46 25 30 16 46 
21 46 25 30 46 16 
21 46 25 18 28 46 
21 46 2 44 25 46 
21 46 30 25 16 46 
21 46 30 25 16 46 
21 46 30 25 46 16 
21 46 30 25 16 46 
21 46 30 25 16 46 
21 46 30 25 46 16 
21 46 18 25 28 46 
21 23 52 29 52 31 
21 23 52 29 52 31 
21 23 52 29 31 52 
21 23 52 52 8 52 
21 23 52 52 8 52 
21 23 52 8 52 52 
21 23 29 52 52 31 
21 23 29 52 31 52 
21 23 29 52 31 52 
21 23 25 2 25 4 
21 23 52 8 52 52 
21 23 2 3 23 20 
21 23 2 3 23 20 
21 52 29 52 2 52 
21 52 29 52 2 52 
21 52 29 52 31 23 
21 52 29 2 52 52 
21 52 29 52 31 23 
21 52 29 31 52 23 
21 52 28 52 52 3 
21 52 28 52 52 3 
21 52 28 52 3 52 
21 52 28 52 52 3 
21 52 28 52 3 52 
21 52 28 52 52 3 
21 52 52 8 52 23 
21 52 52 8 44 31 
21 52 52 8 52 23 
21 52 52 52 3 28 
21 52 52 52 28 3 
21 52 52 52 20 11 
21 52 52 30 31 22 
21 52 52 30 31 22 
21 52 52 31 3 49 
21 52 52 31 49 3 
21 52 52 3 28 52 
21 52 52 28 52 3 
21 52 52 52 20 11 
21 52 8 52 44 31 
21 52 8 52 52 23 
21 52 8 44 31 52 
21 52 52 30 31 22 
21 52 52 30 31 22 
21 52 52 31 3 49 
21 52 52 31 49 3 
21 52 52 3 28 52 
21 52 52 28 52 3 
21 52 52 52 20 11 
21 52 30 31 52 22 
21 52 30 31 52 22 
21 52 31 3 49 52 
21 52 31 49 52 3 
21 29 52 2 52 52 
21 29 52 52 31 23 
21 29 52 31 52 23 
21 29 52 31 52 23 
21 28 52 52 3 52 
21 28 52 52 52 3 
21 25 2 25 4 23 
21 25 25 3 22 4 
21 25 25 22 3 4 
21 52 8 52 44 31 
21 52 8 52 52 23 
21 52 8 44 31 52 
21 52 52 30 31 22 
21 52 52 30 31 22 
21 52 52 31 3 49 
21 52 52 31 49 3 
21 52 52 3 28 52 
21 52 52 28 52 3 
21 52 52 52 20 11 
21 52 30 31 52 22 
21 52 30 31 52 22 
21 52 31 3 49 52 
21 52 31 49 52 3 
21 8 52 44 31 52 
21 52 30 31 52 22 
21 52 30 31 52 22 
21 52 31 3 49 52 
21 52 31 49 52 3 
12 34 17 46 29 46 
12 34 46 23 23 46 
12 34 46 28 18 46 
12 34 46 2 44 46 
12 34 46 30 16 46 
12 34 46 30 16 46 
12 34 46 30 46 16 
12 34 46 30 16 46 
12 34 46 30 16 46 
12 34 46 30 46 16 
12 34 46 18 28 46 
12 34 45 45 33 11 
12 17 23 52 52 52 
12 17 23 52 52 52 
12 17 23 52 52 52 
12 17 23 52 52 52 
12 17 52 52 52 23 
12 17 52 52 52 23 
12 17 52 52 52 23 
12 17 28 45 45 33 
12 17 28 16 28 11 
12 17 28 28 16 11 
12 17 28 28 11 16 
12 17 45 45 28 33 
12 17 52 52 52 23 
12 23 45 45 22 33 
12 23 3 23 20 11 
12 23 3 23 20 11 
12 52 29 52 52 11 
12 52 29 52 52 11 
12 52 29 52 52 11 
12 52 52 52 18 22 
12 52 52 52 3 37 
12 52 52 52 37 3 
12 52 52 18 52 22 
12 52 52 3 37 52 
12 52 52 37 52 3 
12 52 52 18 52 22 
12 52 52 3 37 52 
12 52 52 37 52 3 
12 29 45 45 16 33 
12 29 45 45 16 33 
12 29 45 45 33 16 
12 29 52 52 52 11 
12 28 25 3 16 28 
12 28 25 3 28 16 
12 28 25 3 28 16 
12 28 25 16 28 3 
12 28 25 28 16 3 
12 28 25 28 3 16 
12 28 2 30 30 18 
12 28 8 16 28 20 
12 28 8 28 16 20 
12 28 8 28 20 16 
12 28 25 3 16 28 
12 28 25 3 28 16 
12 28 25 3 28 16 
12 28 25 16 28 3 
12 28 25 28 16 3 
12 28 25 28 3 16 
12 25 45 45 33 20 
12 45 8 45 37 33 
12 45 25 45 33 20 
12 45 45 22 33 23 
12 52 52 18 52 22 
12 52 52 3 37 52 
12 52 52 37 52 3 
12 2 30 30 18 28 
12 8 30 30 18 22 
34 17 28 45 45 11 
34 17 45 45 28 11 
34 23 52 29 52 18 
34 23 52 29 52 18 
34 23 52 29 18 52 
34 23 29 52 52 18 
34 23 29 52 18 52 
34 23 29 52 18 52 
34 23 45 45 22 11 
34 52 29 52 18 23 
34 52 29 52 18 23 
34 52 29 18 52 23 
34 52 52 2 52 16 
34 52 52 2 52 16 
34 52 52 2 52 16 
34 52 52 2 16 52 
34 52 52 2 16 52 
34 52 52 2 52 16 
34 52 52 8 18 44 
34 52 52 30 18 22 
34 52 52 30 18 22 
34 52 52 18 3 49 
34 52 52 18 49 3 
34 52 2 52 16 52 
34 52 2 52 16 52 
34 52 2 52 52 16 
34 52 8 52 18 44 
34 52 8 18 44 52 
34 52 52 30 18 22 
34 52 52 30 18 22 
34 52 52 18 3 49 
34 52 52 18 49 3 
34 52 30 18 52 22 
34 52 30 18 52 22 
34 52 18 3 49 52 
34 52 18 49 52 3 
34 29 45 45 16 11 
34 29 45 45 16 11 
34 29 45 45 11 16 
34 29 52 52 18 23 
34 29 52 18 52 23 
34 29 52 18 52 23 
34 25 45 45 20 11 
34 45 8 45 37 11 
34 45 25 45 20 11 
34 45 45 22 23 11 
34 52 2 52 16 52 
34 52 2 52 16 52 
34 52 2 52 52 16 
34 52 8 52 18 44 
34 52 8 18 44 52 
34 52 52 30 18 22 
34 52 52 30 18 22 
34 52 52 18 3 49 
34 52 52 18 49 3 
34 52 30 18 52 22 
34 52 30 18 52 22 
34 52 18 3 49 52 
34 52 18 49 52 3 
34 8 52 18 44 52 
34 52 30 18 52 22 
34 52 30 18 52 22 
34 52 18 3 49 52 
34 52 18 49 52 3 
17 46 23 29 23 46 
17 46 29 28 18 46 
17 46 29 2 44 46 
17 46 29 30 16 46 
17 46 29 30 16 46 
17 46 29 30 46 16 
17 46 29 30 16 46 
17 46 29 30 16 46 
17 46 29 30 46 16 
17 46 29 18 28 46 
17 23 28 45 45 22 
17 23 25 2 8 25 
17 23 45 45 28 22 
17 52 52 2 52 33 
17 52 52 2 52 33 
17 52 52 52 31 4 
17 52 52 31 52 4 
17 52 2 52 52 33 
17 52 52 31 52 4 
17 29 28 45 45 16 
17 29 28 45 45 16 
17 29 28 45 45 16 
17 29 45 45 16 28 
17 29 45 45 28 16 
17 29 45 45 28 16 
17 28 25 45 45 20 
17 28 25 3 28 11 
17 28 25 28 3 11 
17 28 45 8 45 37 
17 28 45 25 45 20 
17 28 45 45 22 23 
17 28 8 28 20 11 
17 28 25 3 28 11 
17 28 25 28 3 11 
17 25 45 45 28 20 
17 25 2 8 25 23 
17 25 8 25 3 22 
17 25 8 25 22 3 
17 45 8 45 37 28 
17 45 25 45 28 20 
17 45 45 28 22 23 
17 52 2 52 52 33 
17 52 52 31 52 4 
46 23 28 18 23 46 
46 23 2 44 23 46 
46 23 30 16 23 46 
46 23 30 16 23 46 
46 23 30 23 46 16 
46 23 30 16 23 46 
46 23 30 16 23 46 
46 23 30 23 46 16 
46 23 18 28 23 46 
46 52 52 2 52 4 
46 52 52 2 52 4 
46 52 52 52 3 3 
46 52 52 3 52 3 
46 52 2 52 52 4 
46 52 52 3 52 3 
46 28 2 18 44 46 
46 28 30 18 16 46 
46 28 30 18 16 46 
46 28 30 18 46 16 
46 28 30 18 16 46 
46 28 30 18 16 46 
46 28 30 18 46 16 
46 52 2 52 52 4 
46 52 52 3 52 3 
46 2 30 44 16 46 
46 2 30 44 16 46 
46 2 30 44 46 16 
46 2 30 44 16 46 
46 2 30 44 16 46 
46 2 30 44 46 16 
46 2 18 44 28 46 
46 30 30 16 16 46 
46 30 30 16 46 16 
46 30 30 16 46 16 
46 30 18 16 28 46 
46 30 18 28 16 46 
46 30 18 28 46 16 
46 30 18 16 28 46 
46 30 18 28 16 46 
46 30 18 28 46 16 
23 52 29 52 8 44 
23 52 29 52 30 22 
23 52 29 52 30 22 
23 52 29 52 3 49 
23 52 29 52 49 3 
23 52 29 8 52 44 
23 52 29 8 44 52 
23 52 29 52 30 22 
23 52 29 52 30 22 
23 52 29 52 3 49 
23 52 29 52 49 3 
23 52 29 30 52 22 
23 52 29 30 52 22 
23 52 29 3 49 52 
23 52 29 49 52 3 
23 52 25 52 52 4 
23 52 25 52 52 4 
23 52 25 52 52 4 
23 52 52 52 18 11 
23 52 52 52 25 4 
23 52 52 18 52 11 
23 52 52 25 52 4 
23 52 52 18 52 11 
23 52 52 25 52 4 
23 29 45 45 16 22 
23 29 45 45 16 22 
23 29 45 45 22 16 
23 29 52 8 52 44 
23 29 52 8 44 52 
23 29 52 52 30 22 
23 29 52 52 30 22 
23 29 52 52 3 49 
23 29 52 52 49 3 
23 29 52 30 52 22 
23 29 52 30 52 22 
23 29 52 3 49 52 
23 29 52 49 52 3 
23 29 8 52 44 52 
23 29 52 30 52 22 
23 29 52 30 52 22 
23 29 52 3 49 52 
23 29 52 49 52 3 
23 25 45 45 22 20 
23 25 52 52 52 4 
23 25 2 25 3 22 
23 25 2 25 22 3 
23 45 8 45 37 22 
23 45 25 45 22 20 
23 52 52 18 52 11 
23 52 52 25 52 4 
52 29 52 8 44 23 
52 29 52 52 3 20 
52 29 52 52 3 20 
52 29 52 30 22 23 
52 29 52 30 22 23 
52 29 52 3 49 23 
52 29 52 3 52 20 
52 29 52 49 3 23 
52 29 52 52 3 20 
52 29 8 52 44 23 
52 29 8 44 52 23 
52 29 52 30 22 23 
52 29 52 30 22 23 
52 29 52 3 49 23 
52 29 52 3 52 20 
52 29 52 49 3 23 
52 29 52 52 3 20 
52 29 30 52 22 23 
52 29 30 52 22 23 
52 29 3 49 52 23 
52 29 49 52 3 23 
52 28 52 2 52 22 
52 28 52 2 52 22 
52 28 52 8 52 16 
52 28 52 8 52 16 
52 28 52 8 52 16 
52 28 52 8 16 52 
52 28 52 8 16 52 
52 28 52 8 52 16 
52 28 52 52 4 20 
52 28 52 52 4 20 
52 28 2 52 52 22 
52 28 8 52 16 52 
52 28 8 52 16 52 
52 28 8 52 52 16 
52 28 52 52 4 20 
52 25 52 2 52 25 
52 25 52 2 25 52 
52 25 52 52 16 11 
52 25 52 52 16 11 
52 25 52 52 4 23 
52 25 52 52 11 16 
52 25 52 16 52 11 
52 25 52 16 52 11 
52 25 52 52 4 23 
52 25 52 52 11 16 
52 25 2 52 25 52 
52 25 52 16 52 11 
52 25 52 16 52 11 
52 25 52 52 4 23 
52 25 52 52 11 16 
52 45 52 52 3 4 
52 45 52 52 3 4 
52 45 52 3 52 4 
52 45 52 52 3 4 
52 45 52 3 52 4 
52 45 52 52 3 4 
52 52 2 52 30 20 
52 52 2 52 30 20 
52 52 2 52 28 22 
52 52 2 52 4 46 
52 52 2 52 11 39 
52 52 2 30 52 20 
52 52 2 30 52 20 
52 52 2 28 52 22 
52 52 2 52 4 46 
52 52 2 52 11 39 
52 52 8 52 16 28 
52 52 8 52 28 16 
52 52 8 52 28 16 
52 52 8 52 33 11 
52 52 8 30 44 22 
52 52 8 30 44 22 
52 52 8 44 3 49 
52 52 8 44 49 3 
52 52 8 16 28 52 
52 52 8 28 16 52 
52 52 8 28 52 16 
52 52 8 52 33 11 
52 52 52 30 18 4 
52 52 52 30 18 4 
52 52 52 18 31 3 
52 52 52 18 31 3 
52 52 52 18 23 11 
52 52 52 25 16 11 
52 52 52 25 16 11 
52 52 52 25 4 23 
52 52 52 25 11 16 
52 52 52 3 45 4 
52 52 52 3 16 33 
52 52 52 3 16 33 
52 52 52 3 3 46 
52 52 52 3 33 16 
52 52 52 45 3 4 
52 52 52 37 4 11 
52 52 52 16 16 20 
52 52 52 16 3 33 
52 52 52 16 20 16 
52 52 52 28 4 20 
52 52 52 16 3 33 
52 52 52 16 20 16 
52 52 52 3 33 16 
52 52 30 18 52 4 
52 52 30 3 49 22 
52 52 30 49 22 3 
52 52 30 18 52 4 
52 52 30 3 49 22 
52 52 30 49 22 3 
52 52 18 31 3 52 
52 52 18 31 52 3 
52 52 18 52 23 11 
52 52 25 16 52 11 
52 52 25 16 52 11 
52 52 25 52 4 23 
52 52 25 52 11 16 
52 52 3 45 52 4 
52 52 3 16 52 33 
52 52 3 16 52 33 
52 52 3 52 3 46 
52 52 3 52 33 16 
52 52 45 52 3 4 
52 52 37 52 4 11 
52 52 16 16 52 20 
52 52 16 52 3 33 
52 52 16 52 20 16 
52 52 28 52 4 20 
52 52 16 52 3 33 
52 52 16 52 20 16 
52 52 52 3 33 16 
52 2 52 30 52 20 
52 2 52 30 52 20 
52 2 52 28 52 22 
52 2 52 52 4 46 
52 2 52 52 11 39 
52 8 52 30 44 22 
52 8 52 30 44 22 
52 8 52 44 3 49 
52 8 52 44 49 3 
52 8 52 16 28 52 
52 8 52 28 16 52 
52 8 52 28 52 16 
52 8 52 52 33 11 
52 8 30 44 52 22 
52 8 30 44 52 22 
52 8 44 3 49 52 
52 8 44 49 52 3 
52 52 30 18 52 4 
52 52 30 3 49 22 
52 52 30 49 22 3 
52 52 30 18 52 4 
52 52 30 3 49 22 
52 52 30 49 22 3 
52 52 18 31 3 52 
52 52 18 31 52 3 
52 52 18 52 23 11 
52 52 25 16 52 11 
52 52 25 16 52 11 
52 52 25 52 4 23 
52 52 25 52 11 16 
52 52 3 45 52 4 
52 52 3 16 52 33 
52 52 3 16 52 33 
52 52 3 52 3 46 
52 52 3 52 33 16 
52 52 45 52 3 4 
52 52 37 52 4 11 
52 52 16 16 52 20 
52 52 16 52 3 33 
52 52 16 52 20 16 
52 52 28 52 4 20 
52 52 16 52 3 33 
52 52 16 52 20 16 
52 52 52 3 33 16 
52 30 3 49 52 22 
52 30 49 52 22 3 
52 30 3 49 52 22 
52 30 49 52 22 3 
29 25 45 45 16 20 
29 25 45 45 16 20 
29 25 45 45 20 16 
29 45 8 45 37 16 
29 45 8 45 37 16 
29 45 8 45 37 16 
29 45 25 45 16 20 
29 45 25 45 16 20 
29 45 25 45 20 16 
29 45 45 16 22 23 
29 45 45 16 22 23 
29 45 45 22 23 16 
29 52 8 52 44 23 
29 52 8 44 52 23 
29 52 52 30 22 23 
29 52 52 30 22 23 
29 52 52 3 49 23 
29 52 52 3 52 20 
29 52 52 49 3 23 
29 52 52 52 3 20 
29 52 30 52 22 23 
29 52 30 52 22 23 
29 52 3 49 52 23 
29 52 49 52 3 23 
29 8 52 44 52 23 
29 52 30 52 22 23 
29 52 30 52 22 23 
29 52 3 49 52 23 
29 52 49 52 3 23 
28 25 8 3 28 20 
28 25 8 28 3 20 
28 25 25 3 28 3 
28 52 2 52 52 22 
28 52 8 52 16 52 
28 52 8 52 16 52 
28 52 8 52 52 16 
28 52 52 52 4 20 
28 2 8 30 30 22 
28 8 25 3 28 20 
28 8 25 28 3 20 
25 45 8 45 37 20 
25 45 45 22 23 20 
25 52 2 52 25 52 
25 52 52 16 52 11 
25 52 52 16 52 11 
25 52 52 52 4 23 
25 52 52 52 11 16 
25 2 25 3 22 23 
25 2 25 22 3 23 
45 52 52 3 52 4 
45 52 52 52 3 4 
45 8 25 45 37 20 
45 8 45 37 22 23 
45 25 45 22 23 20 
52 2 52 30 52 20 
52 2 52 30 52 20 
52 2 52 28 52 22 
52 2 52 52 4 46 
52 2 52 52 11 39 
52 8 52 30 44 22 
52 8 52 30 44 22 
52 8 52 44 3 49 
52 8 52 44 49 3 
52 8 52 16 28 52 
52 8 52 28 16 52 
52 8 52 28 52 16 
52 8 52 52 33 11 
52 8 30 44 52 22 
52 8 30 44 52 22 
52 8 44 3 49 52 
52 8 44 49 52 3 
52 52 30 18 52 4 
52 52 30 3 49 22 
52 52 30 49 22 3 
52 52 30 18 52 4 
52 52 30 3 49 22 
52 52 30 49 22 3 
52 52 18 31 3 52 
52 52 18 31 52 3 
52 52 18 52 23 11 
52 52 25 16 52 11 
52 52 25 16 52 11 
52 52 25 52 4 23 
52 52 25 52 11 16 
52 52 3 45 52 4 
52 52 3 16 52 33 
52 52 3 16 52 33 
52 52 3 52 3 46 
52 52 3 52 33 16 
52 52 45 52 3 4 
52 52 37 52 4 11 
52 52 16 16 52 20 
52 52 16 52 3 33 
52 52 16 52 20 16 
52 52 28 52 4 20 
52 52 16 52 3 33 
52 52 16 52 20 16 
52 52 52 3 33 16 
52 30 3 49 52 22 
52 30 49 52 22 3 
52 30 3 49 52 22 
52 30 49 52 22 3 
2 8 30 30 28 22 
2 3 16 16 11 16 
2 16 16 3 11 16 
8 52 30 44 52 22 
8 52 30 44 52 22 
8 52 44 3 49 52 
8 52 44 49 52 3 
52 30 3 49 52 22 
52 30 49 52 22 3 
52 30 3 49 52 22 
52 30 49 52 22 3 
Squares number: 4637
===========================================
Algorithm time: 0.566738
