Naive Algorithm:
===========================================
[0]: 6
[1]: 33
[2]: 36
[3]: 14
[4]: 38
[5]: 20
[6]: 9
[7]: 8
[8]: 4
[9]: 7
[10]: 10
[11]: 29
[12]: 44
[13]: 16
[14]: 44
[15]: 41
[16]: 3
[17]: 13
[18]: 38
[19]: 3
[20]: 11
[21]: 4
[22]: 17
[23]: 37
[24]: 41
[25]: 9
[26]: 9
[27]: 18
[28]: 21
[29]: 44
[30]: 44
[31]: 33
[32]: 38
[33]: 34
[34]: 8
[35]: 31
[36]: 9
[37]: 24
[38]: 45
[39]: 12
[40]: 37
[41]: 9
[42]: 40
[43]: 35
[44]: 24
===========================================
6 33 38 44 44 11 
6 33 38 44 11 44 
6 33 38 44 11 44 
6 33 38 44 11 44 
6 33 38 44 11 44 
6 33 38 11 44 44 
6 33 8 41 41 35 
6 33 4 37 31 37 
6 33 44 44 38 11 
6 33 44 44 11 38 
6 33 44 38 11 44 
6 33 44 38 11 44 
6 33 44 11 44 38 
6 33 44 11 44 38 
6 33 44 38 11 44 
6 33 44 38 11 44 
6 33 44 11 44 38 
6 33 44 11 44 38 
6 33 41 41 8 35 
6 33 38 11 44 44 
6 33 11 44 44 38 
6 33 4 37 31 37 
6 36 38 8 44 44 
6 36 38 8 44 44 
6 36 38 8 44 44 
6 36 38 8 44 44 
6 36 38 8 44 44 
6 36 38 8 44 44 
6 36 38 44 44 8 
6 36 38 44 44 8 
6 36 38 44 44 8 
6 36 38 44 44 8 
6 36 38 44 44 8 
6 36 38 44 44 8 
6 36 8 44 44 38 
6 36 8 44 44 38 
6 36 8 44 38 44 
6 36 8 44 38 44 
6 36 8 44 44 38 
6 36 8 44 44 38 
6 36 8 44 38 44 
6 36 8 44 38 44 
6 36 8 44 44 38 
6 36 8 44 44 38 
6 36 8 38 44 44 
6 36 8 44 44 38 
6 36 44 44 38 8 
6 36 44 44 38 8 
6 36 44 38 44 8 
6 36 44 38 44 8 
6 36 44 44 38 8 
6 36 44 44 38 8 
6 36 44 38 44 8 
6 36 44 38 44 8 
6 36 44 44 38 8 
6 36 44 44 38 8 
6 36 38 44 44 8 
6 36 44 44 38 8 
6 14 38 38 18 38 
6 14 10 18 24 24 
6 14 44 44 44 24 
6 14 44 44 44 24 
6 14 44 44 44 24 
6 14 44 44 44 24 
6 14 44 44 44 24 
6 14 44 44 44 24 
6 14 44 44 44 24 
6 14 44 44 44 24 
6 38 20 44 44 24 
6 38 20 44 44 24 
6 38 20 44 44 24 
6 38 20 44 44 24 
6 38 20 44 44 24 
6 38 20 44 44 24 
6 38 20 44 44 24 
6 38 20 44 44 24 
6 38 20 44 44 24 
6 38 20 44 44 24 
6 38 20 38 38 12 
6 38 20 44 44 24 
6 38 20 44 44 24 
6 38 9 44 44 35 
6 38 9 44 44 35 
6 38 9 44 44 35 
6 38 9 44 44 35 
6 38 9 44 44 35 
6 38 9 44 44 35 
6 38 8 38 38 24 
6 38 8 38 38 24 
6 38 4 44 44 40 
6 38 4 44 44 40 
6 38 4 44 44 40 
6 38 4 44 44 40 
6 38 4 44 44 40 
6 38 4 44 44 40 
6 38 7 44 44 37 
6 38 7 44 44 37 
6 38 7 44 37 44 
6 38 7 44 37 44 
6 38 7 44 44 37 
6 38 7 44 44 37 
6 38 7 44 37 44 
6 38 7 44 37 44 
6 38 7 44 44 37 
6 38 7 44 44 37 
6 38 7 37 44 44 
6 38 7 44 44 37 
6 38 10 44 44 34 
6 38 10 44 44 34 
6 38 10 44 44 34 
6 38 10 44 44 34 
6 38 10 44 44 34 
6 38 10 44 44 34 
6 38 29 3 38 38 
6 38 29 38 3 38 
6 38 44 44 41 3 
6 38 44 44 41 3 
6 38 44 44 3 41 
6 38 44 44 13 31 
6 38 44 44 3 41 
6 38 44 44 11 33 
6 38 44 44 4 40 
6 38 44 44 9 35 
6 38 44 44 9 35 
6 38 44 44 9 35 
6 38 44 44 9 35 
6 38 44 41 3 44 
6 38 44 41 3 44 
6 38 44 41 3 44 
6 38 44 41 3 44 
6 38 44 3 41 44 
6 38 44 3 41 44 
6 38 44 13 44 31 
6 38 44 13 44 31 
6 38 44 3 41 44 
6 38 44 3 41 44 
6 38 44 11 44 33 
6 38 44 11 44 33 
6 38 44 4 44 40 
6 38 44 4 44 40 
6 38 44 9 44 35 
6 38 44 9 44 35 
6 38 44 9 44 35 
6 38 44 9 44 35 
6 38 44 44 9 35 
6 38 44 44 9 35 
6 38 44 44 9 35 
6 38 44 44 9 35 
6 38 44 41 3 44 
6 38 44 41 3 44 
6 38 44 41 3 44 
6 38 44 41 3 44 
6 38 44 3 41 44 
6 38 44 3 41 44 
6 38 44 13 44 31 
6 38 44 13 44 31 
6 38 44 3 41 44 
6 38 44 3 41 44 
6 38 44 11 44 33 
6 38 44 11 44 33 
6 38 44 4 44 40 
6 38 44 4 44 40 
6 38 44 9 44 35 
6 38 44 9 44 35 
6 38 44 9 44 35 
6 38 44 9 44 35 
6 38 44 44 9 35 
6 38 44 44 9 35 
6 38 44 44 9 35 
6 38 44 44 9 35 
6 38 41 3 41 35 
6 38 41 3 44 44 
6 38 41 3 41 35 
6 38 41 3 44 44 
6 38 3 41 44 44 
6 38 13 44 44 31 
6 38 38 11 21 38 
6 38 38 38 8 24 
6 38 38 38 8 24 
6 38 3 41 44 44 
6 38 11 44 44 33 
6 38 4 44 44 40 
6 38 9 44 44 35 
6 38 9 44 44 35 
6 38 44 44 9 35 
6 38 44 44 9 35 
6 20 4 18 24 24 
6 20 44 44 38 24 
6 20 44 44 38 24 
6 20 44 44 18 44 
6 20 44 44 18 44 
6 20 44 44 38 24 
6 20 44 44 38 24 
6 20 44 38 44 24 
6 20 44 38 44 24 
6 20 44 38 44 24 
6 20 44 38 44 24 
6 20 44 18 44 44 
6 20 44 44 38 24 
6 20 44 44 38 24 
6 20 44 44 38 24 
6 20 44 44 38 24 
6 20 44 38 44 24 
6 20 44 38 44 24 
6 20 44 38 44 24 
6 20 44 38 44 24 
6 20 44 18 44 44 
6 20 44 44 38 24 
6 20 44 44 38 24 
6 20 44 44 38 24 
6 20 44 44 38 24 
6 20 41 41 21 35 
6 20 38 44 44 24 
6 20 38 44 44 24 
6 20 4 18 24 24 
6 20 17 37 31 37 
6 20 44 44 38 24 
6 20 44 44 38 24 
6 9 29 44 44 44 
6 9 29 44 44 44 
6 9 29 44 44 44 
6 9 29 44 44 44 
6 9 44 44 38 35 
6 9 44 44 38 35 
6 9 44 38 44 35 
6 9 44 38 44 35 
6 9 44 44 38 35 
6 9 44 44 38 35 
6 9 44 38 44 35 
6 9 44 38 44 35 
6 9 44 44 38 35 
6 9 44 44 38 35 
6 9 38 44 44 35 
6 9 44 44 38 35 
6 8 29 37 31 37 
6 8 16 18 24 24 
6 8 41 41 33 35 
6 4 44 44 38 40 
6 4 44 44 44 34 
6 4 44 44 44 34 
6 4 44 44 38 40 
6 4 44 38 44 40 
6 4 44 38 44 40 
6 4 44 44 44 34 
6 4 44 44 38 40 
6 4 44 44 38 40 
6 4 44 38 44 40 
6 4 44 38 44 40 
6 4 44 44 44 34 
6 4 44 44 38 40 
6 4 44 44 38 40 
6 4 41 37 41 35 
6 4 41 41 37 35 
6 4 38 44 44 40 
6 4 37 33 31 37 
6 4 44 44 38 40 
6 7 44 44 38 37 
6 7 44 44 38 37 
6 7 44 44 37 38 
6 7 44 44 44 31 
6 7 44 44 44 31 
6 7 44 44 38 37 
6 7 44 38 37 44 
6 7 44 38 37 44 
6 7 44 38 44 37 
6 7 44 38 44 37 
6 7 44 37 44 38 
6 7 44 37 44 38 
6 7 44 44 44 31 
6 7 44 44 38 37 
6 7 44 44 38 37 
6 7 44 38 37 44 
6 7 44 38 37 44 
6 7 44 38 44 37 
6 7 44 38 44 37 
6 7 44 37 44 38 
6 7 44 37 44 38 
6 7 44 44 44 31 
6 7 44 44 38 37 
6 7 44 44 38 37 
6 7 41 41 34 35 
6 7 38 37 44 44 
6 7 38 44 44 37 
6 7 17 18 24 24 
6 7 37 44 44 38 
6 7 44 44 38 37 
6 10 44 44 38 34 
6 10 44 44 38 34 
6 10 44 38 44 34 
6 10 44 38 44 34 
6 10 44 44 38 34 
6 10 44 44 38 34 
6 10 44 38 44 34 
6 10 44 38 44 34 
6 10 44 44 38 34 
6 10 44 44 38 34 
6 10 41 41 31 35 
6 10 38 44 44 34 
6 10 44 44 38 34 
6 29 44 44 9 44 
6 29 44 44 9 44 
6 29 44 44 9 44 
6 29 44 44 9 44 
6 29 44 44 44 9 
6 29 44 44 44 9 
6 29 44 44 44 9 
6 29 44 44 44 9 
6 29 44 9 44 44 
6 29 44 9 44 44 
6 29 44 44 44 9 
6 29 44 44 44 9 
6 29 44 9 44 44 
6 29 44 9 44 44 
6 29 44 44 44 9 
6 29 44 44 44 9 
6 29 41 41 12 35 
6 29 37 8 31 37 
6 44 44 41 3 38 
6 44 44 41 3 38 
6 44 44 41 38 3 
6 44 44 41 3 38 
6 44 44 3 38 41 
6 44 44 3 41 38 
6 44 44 3 44 35 
6 44 44 3 44 35 
6 44 44 13 38 31 
6 44 44 13 38 31 
6 44 44 38 3 41 
6 44 44 38 11 33 
6 44 44 38 4 40 
6 44 44 38 9 35 
6 44 44 38 9 35 
6 44 44 38 9 35 
6 44 44 38 9 35 
6 44 44 3 41 38 
6 44 44 3 44 35 
6 44 44 3 44 35 
6 44 44 11 33 38 
6 44 44 4 44 34 
6 44 44 4 44 34 
6 44 44 4 38 40 
6 44 44 17 21 44 
6 44 44 17 21 44 
6 44 44 9 38 35 
6 44 44 9 38 35 
6 44 44 38 9 35 
6 44 44 38 9 35 
6 44 41 3 38 44 
6 44 41 3 38 44 
6 44 41 3 44 38 
6 44 41 3 44 38 
6 44 41 38 3 44 
6 44 41 38 3 44 
6 44 41 3 44 38 
6 44 41 3 44 38 
6 44 3 38 41 44 
6 44 3 38 41 44 
6 44 3 41 44 38 
6 44 3 41 44 38 
6 44 3 44 44 35 
6 44 13 38 44 31 
6 44 13 38 44 31 
6 44 13 44 38 31 
6 44 13 44 38 31 
6 44 38 3 41 44 
6 44 38 3 41 44 
6 44 38 11 44 33 
6 44 38 11 44 33 
6 44 38 4 44 40 
6 44 38 4 44 40 
6 44 38 9 44 35 
6 44 38 9 44 35 
6 44 38 9 44 35 
6 44 38 9 44 35 
6 44 38 44 9 35 
6 44 38 44 9 35 
6 44 38 44 9 35 
6 44 38 44 9 35 
6 44 3 41 44 38 
6 44 3 41 44 38 
6 44 3 44 44 35 
6 44 11 44 33 38 
6 44 11 44 33 38 
6 44 4 44 44 34 
6 44 4 44 38 40 
6 44 4 44 38 40 
6 44 17 21 44 44 
6 44 9 44 38 35 
6 44 9 44 38 35 
6 44 9 44 38 35 
6 44 9 44 38 35 
6 44 44 38 9 35 
6 44 44 38 9 35 
6 44 44 38 9 35 
6 44 44 38 9 35 
6 16 37 21 31 37 
6 16 18 8 24 24 
6 44 41 3 38 44 
6 44 41 3 38 44 
6 44 41 3 44 38 
6 44 41 3 44 38 
6 44 41 38 3 44 
6 44 41 38 3 44 
6 44 41 3 44 38 
6 44 41 3 44 38 
6 44 3 38 41 44 
6 44 3 38 41 44 
6 44 3 41 44 38 
6 44 3 41 44 38 
6 44 3 44 44 35 
6 44 13 38 44 31 
6 44 13 38 44 31 
6 44 13 44 38 31 
6 44 13 44 38 31 
6 44 38 3 41 44 
6 44 38 3 41 44 
6 44 38 11 44 33 
6 44 38 11 44 33 
6 44 38 4 44 40 
6 44 38 4 44 40 
6 44 38 9 44 35 
6 44 38 9 44 35 
6 44 38 9 44 35 
6 44 38 9 44 35 
6 44 38 44 9 35 
6 44 38 44 9 35 
6 44 38 44 9 35 
6 44 38 44 9 35 
6 44 3 41 44 38 
6 44 3 41 44 38 
6 44 3 44 44 35 
6 44 11 44 33 38 
6 44 11 44 33 38 
6 44 4 44 44 34 
6 44 4 44 38 40 
6 44 4 44 38 40 
6 44 17 21 44 44 
6 44 9 44 38 35 
6 44 9 44 38 35 
6 44 9 44 38 35 
6 44 9 44 38 35 
6 44 44 38 9 35 
6 44 44 38 9 35 
6 44 44 38 9 35 
6 44 44 38 9 35 
6 41 3 38 41 35 
6 41 3 38 44 44 
6 41 3 41 38 35 
6 41 3 44 44 38 
6 41 38 3 41 35 
6 41 38 3 44 44 
6 41 3 41 38 35 
6 41 3 44 44 38 
6 41 4 37 41 35 
6 41 4 41 37 35 
6 41 17 41 24 35 
6 41 17 41 35 24 
6 41 41 33 8 35 
6 3 38 41 44 44 
6 3 37 34 31 37 
6 3 41 44 44 38 
6 3 18 21 24 24 
6 13 38 44 44 31 
6 13 11 18 24 24 
6 13 37 31 24 37 
6 13 37 31 37 24 
6 13 44 44 38 31 
6 38 3 41 44 44 
6 38 11 44 44 33 
6 38 4 44 44 40 
6 38 9 44 44 35 
6 38 9 44 44 35 
6 38 44 44 9 35 
6 38 44 44 9 35 
6 3 37 34 31 37 
6 3 41 44 44 38 
6 3 18 21 24 24 
6 11 44 44 33 38 
6 4 37 33 31 37 
6 4 44 44 38 40 
6 9 44 44 38 35 
6 9 44 44 38 35 
6 44 44 38 9 35 
6 44 44 38 9 35 
33 36 8 44 44 11 
33 36 8 44 11 44 
33 36 8 44 11 44 
33 36 8 44 11 44 
33 36 8 44 11 44 
33 36 8 11 44 44 
33 36 44 44 11 8 
33 36 44 11 44 8 
33 36 44 11 44 8 
33 36 44 11 44 8 
33 36 44 11 44 8 
33 36 11 44 44 8 
33 38 8 41 3 41 
33 38 8 41 3 41 
33 38 41 3 41 8 
33 38 41 3 41 8 
33 20 9 13 33 24 
33 20 9 13 33 24 
33 20 8 41 41 21 
33 20 4 29 13 33 
33 20 4 17 37 37 
33 20 29 13 4 33 
33 20 44 44 11 24 
33 20 44 44 11 24 
33 20 44 11 44 24 
33 20 44 11 44 24 
33 20 44 11 44 24 
33 20 44 11 44 24 
33 20 16 13 17 33 
33 20 44 11 44 24 
33 20 44 11 44 24 
33 20 44 11 44 24 
33 20 44 11 44 24 
33 20 41 41 21 8 
33 20 13 9 33 24 
33 20 13 9 33 24 
33 20 13 9 33 24 
33 20 13 9 33 24 
33 20 13 21 33 12 
33 20 13 33 9 24 
33 20 13 33 9 24 
33 20 13 33 24 9 
33 20 13 33 9 24 
33 20 11 44 44 24 
33 20 11 44 44 24 
33 20 4 17 37 37 
33 9 4 29 33 24 
33 9 4 29 33 24 
33 9 29 4 33 24 
33 9 29 4 33 24 
33 9 44 44 11 35 
33 9 44 11 44 35 
33 9 44 11 44 35 
33 9 16 17 33 24 
33 9 16 17 33 24 
33 9 44 11 44 35 
33 9 44 11 44 35 
33 9 11 44 44 35 
33 9 9 33 24 24 
33 9 9 33 24 24 
33 9 21 33 24 12 
33 9 21 33 12 24 
33 9 33 9 24 24 
33 9 33 24 9 24 
33 8 4 29 37 37 
33 8 4 41 37 41 
33 8 4 41 41 37 
33 8 7 41 41 34 
33 8 10 41 41 31 
33 8 29 41 41 12 
33 8 29 4 37 37 
33 8 44 44 3 44 
33 8 44 44 3 44 
33 8 44 44 3 44 
33 8 44 44 3 44 
33 8 44 3 44 44 
33 8 44 3 44 44 
33 8 44 3 44 44 
33 8 44 3 44 44 
33 8 41 3 38 41 
33 8 41 3 41 38 
33 8 41 38 3 41 
33 8 41 3 41 38 
33 8 41 4 37 41 
33 8 41 4 41 37 
33 8 41 17 41 24 
33 8 41 17 41 24 
33 8 41 41 33 8 
33 4 7 44 44 44 
33 4 7 44 44 44 
33 4 7 44 44 44 
33 4 7 44 44 44 
33 4 29 16 17 33 
33 4 29 37 8 37 
33 4 29 9 33 24 
33 4 29 9 33 24 
33 4 29 9 33 24 
33 4 29 9 33 24 
33 4 29 21 33 12 
33 4 29 33 9 24 
33 4 29 33 9 24 
33 4 29 33 24 9 
33 4 29 33 9 24 
33 4 44 44 11 40 
33 4 44 11 44 40 
33 4 44 11 44 40 
33 4 16 37 21 37 
33 4 44 11 44 40 
33 4 44 11 44 40 
33 4 41 37 41 8 
33 4 41 41 8 37 
33 4 3 37 34 37 
33 4 13 37 24 37 
33 4 13 37 37 24 
33 4 3 37 34 37 
33 4 11 44 44 40 
33 4 4 37 33 37 
33 7 44 44 11 37 
33 7 44 44 11 37 
33 7 44 44 4 44 
33 7 44 44 4 44 
33 7 44 11 37 44 
33 7 44 11 37 44 
33 7 44 11 44 37 
33 7 44 11 44 37 
33 7 44 4 44 44 
33 7 44 11 37 44 
33 7 44 11 37 44 
33 7 44 11 44 37 
33 7 44 11 44 37 
33 7 44 4 44 44 
33 7 41 41 34 8 
33 7 11 37 44 44 
33 7 11 44 44 37 
33 10 44 44 11 34 
33 10 44 11 44 34 
33 10 44 11 44 34 
33 10 44 11 44 34 
33 10 44 11 44 34 
33 10 41 41 8 31 
33 10 11 44 44 34 
33 29 16 4 17 33 
33 29 41 41 8 12 
33 29 4 37 8 37 
33 29 4 9 33 24 
33 29 4 9 33 24 
33 29 4 9 33 24 
33 29 4 9 33 24 
33 29 4 21 33 12 
33 29 4 33 9 24 
33 29 4 33 9 24 
33 29 4 33 24 9 
33 29 4 33 9 24 
33 44 44 41 3 11 
33 44 44 41 3 11 
33 44 44 3 11 41 
33 44 44 3 44 8 
33 44 44 3 44 8 
33 44 44 13 11 31 
33 44 44 3 11 41 
33 44 44 3 44 8 
33 44 44 3 44 8 
33 44 44 11 4 40 
33 44 44 11 9 35 
33 44 44 11 9 35 
33 44 44 11 9 35 
33 44 44 11 9 35 
33 44 41 3 11 44 
33 44 41 3 11 44 
33 44 41 3 11 44 
33 44 41 3 11 44 
33 44 3 11 41 44 
33 44 3 11 41 44 
33 44 3 44 44 8 
33 44 13 11 44 31 
33 44 13 11 44 31 
33 44 3 11 41 44 
33 44 3 11 41 44 
33 44 3 44 44 8 
33 44 11 4 44 40 
33 44 11 4 44 40 
33 44 11 9 44 35 
33 44 11 9 44 35 
33 44 11 9 44 35 
33 44 11 9 44 35 
33 44 11 44 9 35 
33 44 11 44 9 35 
33 44 11 44 9 35 
33 44 11 44 9 35 
33 16 4 37 21 37 
33 16 17 9 33 24 
33 16 17 9 33 24 
33 16 17 9 33 24 
33 16 17 9 33 24 
33 16 17 21 33 12 
33 16 17 33 9 24 
33 16 17 33 9 24 
33 16 17 33 24 9 
33 16 17 33 9 24 
33 44 41 3 11 44 
33 44 41 3 11 44 
33 44 41 3 11 44 
33 44 41 3 11 44 
33 44 3 11 41 44 
33 44 3 11 41 44 
33 44 3 44 44 8 
33 44 13 11 44 31 
33 44 13 11 44 31 
33 44 3 11 41 44 
33 44 3 11 41 44 
33 44 3 44 44 8 
33 44 11 4 44 40 
33 44 11 4 44 40 
33 44 11 9 44 35 
33 44 11 9 44 35 
33 44 11 9 44 35 
33 44 11 9 44 35 
33 44 11 44 9 35 
33 44 11 44 9 35 
33 44 11 44 9 35 
33 44 11 44 9 35 
33 41 3 38 41 8 
33 41 3 11 44 44 
33 41 3 41 38 8 
33 41 38 3 41 8 
33 41 3 11 44 44 
33 41 3 41 38 8 
33 41 4 37 41 8 
33 41 4 41 8 37 
33 41 17 41 8 24 
33 41 17 41 8 24 
33 3 11 41 44 44 
33 3 4 37 34 37 
33 13 11 44 44 31 
33 13 4 37 24 37 
33 13 4 37 37 24 
33 3 11 41 44 44 
33 3 4 37 34 37 
33 11 4 44 44 40 
33 11 9 44 44 35 
33 11 9 44 44 35 
33 11 44 44 9 35 
33 11 44 44 9 35 
33 9 9 33 24 24 
33 9 21 33 24 12 
33 9 21 33 12 24 
33 9 33 9 24 24 
33 9 33 24 9 24 
33 9 21 33 24 12 
33 9 21 33 12 24 
33 9 33 9 24 24 
33 9 33 24 9 24 
33 21 33 9 24 12 
33 21 33 9 12 24 
33 21 33 24 12 9 
33 21 33 12 9 24 
33 33 9 24 9 24 
36 20 8 44 44 24 
36 20 8 44 44 24 
36 20 8 44 44 24 
36 20 8 44 44 24 
36 20 8 44 44 24 
36 20 8 44 44 24 
36 20 8 44 44 24 
36 20 8 44 44 24 
36 20 8 44 44 24 
36 20 8 44 44 24 
36 20 8 44 44 24 
36 20 8 44 44 24 
36 20 44 44 8 24 
36 20 44 44 8 24 
36 20 44 44 8 24 
36 20 44 44 8 24 
36 20 44 44 8 24 
36 20 44 44 8 24 
36 20 44 44 8 24 
36 20 44 44 8 24 
36 20 44 44 8 24 
36 20 44 44 8 24 
36 20 44 44 8 24 
36 20 44 44 8 24 
36 9 8 44 44 35 
36 9 8 44 44 35 
36 9 8 44 44 35 
36 9 8 44 44 35 
36 9 8 44 44 35 
36 9 8 44 44 35 
36 9 44 44 8 35 
36 9 44 44 8 35 
36 9 44 44 8 35 
36 9 44 44 8 35 
36 9 44 44 8 35 
36 9 44 44 8 35 
36 8 4 44 44 40 
36 8 4 44 44 40 
36 8 4 44 44 40 
36 8 4 44 44 40 
36 8 4 44 44 40 
36 8 4 44 44 40 
36 8 7 44 44 37 
36 8 7 44 44 37 
36 8 7 44 37 44 
36 8 7 44 37 44 
36 8 7 44 44 37 
36 8 7 44 44 37 
36 8 7 44 37 44 
36 8 7 44 37 44 
36 8 7 44 44 37 
36 8 7 44 44 37 
36 8 7 37 44 44 
36 8 7 44 44 37 
36 8 10 44 44 34 
36 8 10 44 44 34 
36 8 10 44 44 34 
36 8 10 44 44 34 
36 8 10 44 44 34 
36 8 10 44 44 34 
36 8 44 44 41 3 
36 8 44 44 41 3 
36 8 44 44 3 41 
36 8 44 44 13 31 
36 8 44 44 3 41 
36 8 44 44 11 33 
36 8 44 44 4 40 
36 8 44 44 9 35 
36 8 44 44 9 35 
36 8 44 44 9 35 
36 8 44 44 9 35 
36 8 44 41 3 44 
36 8 44 41 3 44 
36 8 44 41 3 44 
36 8 44 41 3 44 
36 8 44 3 41 44 
36 8 44 3 41 44 
36 8 44 13 44 31 
36 8 44 13 44 31 
36 8 44 3 41 44 
36 8 44 3 41 44 
36 8 44 11 44 33 
36 8 44 11 44 33 
36 8 44 4 44 40 
36 8 44 4 44 40 
36 8 44 9 44 35 
36 8 44 9 44 35 
36 8 44 9 44 35 
36 8 44 9 44 35 
36 8 44 44 9 35 
36 8 44 44 9 35 
36 8 44 44 9 35 
36 8 44 44 9 35 
36 8 44 41 3 44 
36 8 44 41 3 44 
36 8 44 41 3 44 
36 8 44 41 3 44 
36 8 44 3 41 44 
36 8 44 3 41 44 
36 8 44 13 44 31 
36 8 44 13 44 31 
36 8 44 3 41 44 
36 8 44 3 41 44 
36 8 44 11 44 33 
36 8 44 11 44 33 
36 8 44 4 44 40 
36 8 44 4 44 40 
36 8 44 9 44 35 
36 8 44 9 44 35 
36 8 44 9 44 35 
36 8 44 9 44 35 
36 8 44 44 9 35 
36 8 44 44 9 35 
36 8 44 44 9 35 
36 8 44 44 9 35 
36 8 41 3 44 44 
36 8 41 3 44 44 
36 8 3 41 44 44 
36 8 13 44 44 31 
36 8 3 41 44 44 
36 8 11 44 44 33 
36 8 4 44 44 40 
36 8 9 44 44 35 
36 8 9 44 44 35 
36 8 44 44 9 35 
36 8 44 44 9 35 
36 4 44 44 4 44 
36 4 44 44 4 44 
36 4 44 44 8 40 
36 4 44 4 44 44 
36 4 44 44 8 40 
36 4 44 44 8 40 
36 4 44 4 44 44 
36 4 44 44 8 40 
36 4 44 44 8 40 
36 4 44 44 8 40 
36 7 44 44 37 8 
36 7 44 44 8 37 
36 7 44 37 44 8 
36 7 44 37 44 8 
36 7 44 44 8 37 
36 7 44 44 8 37 
36 7 44 37 44 8 
36 7 44 37 44 8 
36 7 44 44 8 37 
36 7 44 44 8 37 
36 7 37 44 44 8 
36 7 44 44 8 37 
36 10 44 44 34 8 
36 10 44 44 34 8 
36 10 44 44 34 8 
36 10 44 44 34 8 
36 10 44 44 34 8 
36 10 44 44 34 8 
36 44 44 41 3 8 
36 44 44 41 3 8 
36 44 44 3 41 8 
36 44 44 13 8 31 
36 44 44 3 41 8 
36 44 44 11 33 8 
36 44 44 4 8 40 
36 44 44 9 8 35 
36 44 44 9 8 35 
36 44 44 8 9 35 
36 44 44 8 9 35 
36 44 41 3 44 8 
36 44 41 3 44 8 
36 44 41 3 44 8 
36 44 41 3 44 8 
36 44 3 41 44 8 
36 44 3 41 44 8 
36 44 13 44 8 31 
36 44 13 44 8 31 
36 44 3 41 44 8 
36 44 3 41 44 8 
36 44 11 44 33 8 
36 44 11 44 33 8 
36 44 4 44 8 40 
36 44 4 44 8 40 
36 44 9 44 8 35 
36 44 9 44 8 35 
36 44 9 44 8 35 
36 44 9 44 8 35 
36 44 44 8 9 35 
36 44 44 8 9 35 
36 44 44 8 9 35 
36 44 44 8 9 35 
36 44 41 3 44 8 
36 44 41 3 44 8 
36 44 41 3 44 8 
36 44 41 3 44 8 
36 44 3 41 44 8 
36 44 3 41 44 8 
36 44 13 44 8 31 
36 44 13 44 8 31 
36 44 3 41 44 8 
36 44 3 41 44 8 
36 44 11 44 33 8 
36 44 11 44 33 8 
36 44 4 44 8 40 
36 44 4 44 8 40 
36 44 9 44 8 35 
36 44 9 44 8 35 
36 44 9 44 8 35 
36 44 9 44 8 35 
36 44 44 8 9 35 
36 44 44 8 9 35 
36 44 44 8 9 35 
36 44 44 8 9 35 
36 41 3 44 44 8 
36 41 3 44 44 8 
36 3 41 44 44 8 
36 13 44 44 8 31 
36 3 41 44 44 8 
36 11 44 44 33 8 
36 4 44 44 8 40 
36 9 44 44 8 35 
36 9 44 44 8 35 
36 44 44 8 9 35 
36 44 44 8 9 35 
14 38 20 4 38 38 
14 38 20 38 4 38 
14 38 20 38 18 24 
14 38 20 38 18 24 
14 38 20 18 38 24 
14 38 20 18 38 24 
14 38 9 29 38 24 
14 38 9 29 38 24 
14 38 9 29 38 24 
14 38 9 29 38 24 
14 38 8 16 38 38 
14 38 4 38 34 24 
14 38 4 38 34 24 
14 38 4 38 34 24 
14 38 4 38 34 24 
14 38 7 38 17 38 
14 38 7 38 31 24 
14 38 7 38 31 24 
14 38 7 38 31 24 
14 38 7 38 31 24 
14 38 29 38 9 24 
14 38 29 38 9 24 
14 38 29 38 9 24 
14 38 29 38 9 24 
14 38 29 38 9 24 
14 38 29 38 9 24 
14 38 29 38 24 9 
14 38 29 38 9 24 
14 38 29 9 38 24 
14 38 29 9 38 24 
14 38 29 9 38 24 
14 38 29 9 38 24 
14 38 29 38 9 24 
14 38 29 38 9 24 
14 38 29 38 24 9 
14 38 29 38 9 24 
14 38 16 38 38 8 
14 38 3 38 21 38 
14 38 3 38 24 35 
14 38 3 38 35 24 
14 38 3 38 24 35 
14 38 3 38 35 24 
14 38 13 38 11 38 
14 38 38 3 21 38 
14 38 38 3 24 35 
14 38 38 3 35 24 
14 38 38 4 34 24 
14 38 38 4 34 24 
14 38 38 17 21 24 
14 38 38 17 21 24 
14 38 3 38 24 35 
14 38 3 38 35 24 
14 38 4 38 34 24 
14 38 4 38 34 24 
14 38 17 21 38 24 
14 38 17 21 38 24 
14 20 4 10 24 24 
14 20 10 44 44 44 
14 20 10 44 44 44 
14 20 10 44 44 44 
14 20 10 44 44 44 
14 20 10 4 24 24 
14 20 38 18 38 24 
14 20 38 18 38 24 
14 9 29 38 38 24 
14 9 29 38 38 24 
14 9 44 44 21 44 
14 9 44 44 21 44 
14 9 44 21 44 44 
14 9 44 21 44 44 
14 8 10 16 24 24 
14 4 38 38 34 24 
14 4 38 38 34 24 
14 7 10 17 24 24 
14 7 38 38 31 24 
14 7 38 38 31 24 
14 10 16 8 24 24 
14 10 3 21 24 24 
14 10 13 11 24 24 
14 10 3 21 24 24 
14 29 38 9 38 24 
14 29 38 9 38 24 
14 29 38 9 38 24 
14 29 38 9 38 24 
14 29 38 38 9 24 
14 29 38 38 9 24 
14 29 38 38 24 9 
14 29 38 38 9 24 
14 44 44 13 17 44 
14 44 44 13 17 44 
14 44 44 9 21 44 
14 44 44 9 21 44 
14 44 44 9 21 44 
14 44 44 9 21 44 
14 44 44 18 44 12 
14 44 44 18 44 12 
14 44 44 21 44 9 
14 44 44 21 44 9 
14 44 44 21 44 9 
14 44 44 21 44 9 
14 44 13 17 44 44 
14 44 9 21 44 44 
14 44 9 21 44 44 
14 44 18 44 44 12 
14 44 21 44 44 9 
14 44 21 44 44 9 
14 44 13 17 44 44 
14 44 9 21 44 44 
14 44 9 21 44 44 
14 44 18 44 44 12 
14 44 21 44 44 9 
14 44 21 44 44 9 
14 3 38 38 24 35 
14 3 38 38 35 24 
14 38 3 38 24 35 
14 38 3 38 35 24 
14 38 4 38 34 24 
14 38 4 38 34 24 
14 38 17 21 38 24 
14 38 17 21 38 24 
38 20 9 29 38 18 
38 20 9 29 18 38 
38 20 9 38 9 38 
38 20 9 38 9 38 
38 20 9 38 38 9 
38 20 9 38 38 9 
38 20 8 10 38 38 
38 20 4 38 18 34 
38 20 4 18 38 34 
38 20 7 38 11 38 
38 20 7 38 18 31 
38 20 7 18 38 31 
38 20 10 38 38 8 
38 20 29 38 9 18 
38 20 29 38 9 18 
38 20 29 38 18 9 
38 20 29 38 18 9 
38 20 29 9 18 38 
38 20 29 9 18 38 
38 20 29 18 38 9 
38 20 29 18 38 9 
38 20 41 3 41 21 
38 20 41 3 41 21 
38 20 3 38 18 35 
38 20 3 18 38 35 
38 20 38 3 18 35 
38 20 38 4 18 34 
38 20 38 17 18 21 
38 20 38 9 9 38 
38 20 38 9 38 9 
38 20 38 9 38 9 
38 20 38 9 38 9 
38 20 38 9 38 9 
38 20 38 38 9 9 
38 20 3 18 38 35 
38 20 4 18 38 34 
38 20 17 18 21 38 
38 9 8 38 21 38 
38 9 4 29 38 34 
38 9 4 29 38 34 
38 9 7 29 38 31 
38 9 7 29 38 31 
38 9 29 3 38 35 
38 9 29 3 38 35 
38 9 29 38 3 35 
38 9 29 38 4 34 
38 9 29 38 17 21 
38 9 29 3 38 35 
38 9 29 4 38 34 
38 9 29 17 21 38 
38 9 16 13 38 38 
38 9 38 11 18 38 
38 9 38 17 38 12 
38 9 38 21 38 8 
38 8 41 3 41 33 
38 8 41 3 41 33 
38 8 13 38 17 38 
38 8 38 9 21 38 
38 8 38 9 21 38 
38 8 38 18 38 12 
38 8 38 21 38 9 
38 8 38 21 38 9 
38 4 7 38 34 31 
38 4 7 38 34 31 
38 4 10 38 38 24 
38 4 10 38 38 24 
38 4 29 38 9 34 
38 4 29 38 9 34 
38 4 29 38 34 9 
38 4 29 38 34 9 
38 4 29 9 38 34 
38 4 29 9 38 34 
38 4 29 38 34 9 
38 4 29 38 34 9 
38 4 16 38 18 38 
38 4 41 3 37 41 
38 4 41 3 41 37 
38 4 41 3 37 41 
38 4 41 3 41 37 
38 4 3 38 38 31 
38 4 3 38 34 35 
38 4 3 38 34 35 
38 4 13 38 21 38 
38 4 38 3 38 31 
38 4 38 3 34 35 
38 4 38 17 21 34 
38 4 3 38 34 35 
38 4 17 21 38 34 
38 7 10 38 21 38 
38 7 29 38 9 31 
38 7 29 38 9 31 
38 7 29 38 31 9 
38 7 29 38 31 9 
38 7 29 9 38 31 
38 7 29 9 38 31 
38 7 29 38 31 9 
38 7 29 38 31 9 
38 7 41 3 41 34 
38 7 41 3 41 34 
38 7 3 38 31 35 
38 7 3 38 31 35 
38 7 13 38 18 38 
38 7 38 3 31 35 
38 7 38 4 34 31 
38 7 38 17 21 31 
38 7 3 38 31 35 
38 7 4 38 34 31 
38 7 17 21 38 31 
38 10 16 38 38 12 
38 10 41 3 41 31 
38 10 41 3 41 31 
38 10 38 11 17 38 
38 10 38 4 38 24 
38 10 38 4 38 24 
38 29 41 3 41 12 
38 29 41 3 41 12 
38 29 3 38 9 35 
38 29 3 38 9 35 
38 29 3 38 9 35 
38 29 3 38 9 35 
38 29 3 9 38 35 
38 29 3 9 38 35 
38 29 3 38 9 35 
38 29 3 38 9 35 
38 29 38 3 9 35 
38 29 38 3 9 35 
38 29 38 3 9 35 
38 29 38 3 9 35 
38 29 38 4 9 34 
38 29 38 4 9 34 
38 29 38 4 34 9 
38 29 38 4 34 9 
38 29 38 17 9 21 
38 29 38 17 9 21 
38 29 38 17 21 9 
38 29 38 17 21 9 
38 29 3 9 38 35 
38 29 3 9 38 35 
38 29 3 38 9 35 
38 29 3 38 9 35 
38 29 4 9 38 34 
38 29 4 9 38 34 
38 29 4 38 34 9 
38 29 4 38 34 9 
38 29 17 9 21 38 
38 29 17 9 21 38 
38 29 17 21 38 9 
38 29 17 21 38 9 
38 44 44 3 3 44 
38 44 44 3 3 44 
38 44 3 3 44 44 
38 16 13 38 9 38 
38 16 13 38 9 38 
38 16 13 38 38 9 
38 16 13 38 38 9 
38 16 38 4 18 38 
38 44 3 3 44 44 
38 41 3 38 3 41 
38 41 3 3 41 38 
38 41 3 4 37 41 
38 41 3 4 41 37 
38 41 3 17 41 24 
38 41 3 17 41 24 
38 41 3 41 33 8 
38 41 3 4 37 41 
38 41 3 4 41 37 
38 41 3 17 41 24 
38 41 3 17 41 24 
38 41 3 41 33 8 
38 3 38 11 38 24 
38 3 38 11 38 24 
38 3 38 4 38 31 
38 3 38 4 34 35 
38 3 38 17 18 38 
38 3 38 17 21 35 
38 3 4 38 34 35 
38 3 17 21 38 35 
38 13 38 4 21 38 
38 13 38 17 38 8 
38 38 3 11 38 24 
38 38 3 11 38 24 
38 38 3 4 38 31 
38 38 3 4 34 35 
38 38 3 17 18 38 
38 38 3 17 21 35 
38 38 11 9 18 38 
38 38 11 9 18 38 
38 38 11 18 38 9 
38 38 11 18 38 9 
38 38 4 17 21 34 
38 38 17 9 38 12 
38 38 17 9 38 12 
38 38 17 38 9 12 
38 38 17 38 12 9 
38 38 9 21 38 8 
38 38 9 21 38 8 
38 38 18 38 8 12 
38 38 21 38 8 9 
38 38 21 38 8 9 
38 3 4 38 34 35 
38 3 17 21 38 35 
38 4 17 21 38 34 
20 9 29 38 18 38 
20 9 44 44 24 35 
20 9 44 44 35 24 
20 9 44 44 24 35 
20 9 44 44 35 24 
20 9 44 44 24 35 
20 9 44 44 35 24 
20 9 44 44 24 35 
20 9 44 44 35 24 
20 9 44 44 24 35 
20 9 44 44 35 24 
20 9 44 44 24 35 
20 9 44 44 35 24 
20 8 4 16 24 24 
20 8 29 17 37 37 
20 8 44 16 44 44 
20 8 44 16 44 44 
20 8 44 16 44 44 
20 8 16 44 44 44 
20 8 16 4 24 24 
20 8 41 41 21 33 
20 4 7 17 24 24 
20 4 44 44 24 40 
20 4 44 44 40 24 
20 4 44 44 24 40 
20 4 44 44 40 24 
20 4 44 44 24 40 
20 4 44 44 40 24 
20 4 16 8 24 24 
20 4 44 44 24 40 
20 4 44 44 40 24 
20 4 44 44 24 40 
20 4 44 44 40 24 
20 4 41 37 41 21 
20 4 41 41 21 37 
20 4 3 21 24 24 
20 4 13 11 24 24 
20 4 38 18 38 34 
20 4 3 21 24 24 
20 4 17 37 33 37 
20 4 44 44 24 40 
20 4 44 44 40 24 
20 7 44 44 17 44 
20 7 44 44 17 44 
20 7 44 44 37 24 
20 7 44 44 37 24 
20 7 44 44 24 37 
20 7 44 44 37 24 
20 7 44 17 44 44 
20 7 44 37 44 24 
20 7 44 37 44 24 
20 7 44 37 44 24 
20 7 44 37 44 24 
20 7 44 44 24 37 
20 7 44 44 37 24 
20 7 44 44 24 37 
20 7 44 44 37 24 
20 7 44 17 44 44 
20 7 44 37 44 24 
20 7 44 37 44 24 
20 7 44 37 44 24 
20 7 44 37 44 24 
20 7 44 44 24 37 
20 7 44 44 37 24 
20 7 44 44 24 37 
20 7 44 44 37 24 
20 7 41 41 21 34 
20 7 38 18 38 31 
20 7 4 17 24 24 
20 7 37 44 44 24 
20 7 37 44 44 24 
20 7 44 44 24 37 
20 7 44 44 37 24 
20 10 44 44 34 24 
20 10 44 44 34 24 
20 10 44 44 34 24 
20 10 44 44 34 24 
20 10 44 44 34 24 
20 10 44 44 34 24 
20 10 44 44 34 24 
20 10 44 44 34 24 
20 10 44 44 34 24 
20 10 44 44 34 24 
20 10 41 41 21 31 
20 10 44 44 34 24 
20 10 44 44 34 24 
20 29 41 41 21 12 
20 29 38 9 18 38 
20 29 38 9 18 38 
20 29 38 18 38 9 
20 29 38 18 38 9 
20 29 17 37 8 37 
20 44 16 44 44 8 
20 44 16 44 44 8 
20 44 16 44 44 8 
20 44 44 41 3 24 
20 44 44 41 3 24 
20 44 44 41 3 24 
20 44 44 41 3 24 
20 44 44 3 41 24 
20 44 44 3 41 24 
20 44 44 3 21 44 
20 44 44 3 21 44 
20 44 44 13 11 44 
20 44 44 13 11 44 
20 44 44 13 31 24 
20 44 44 13 31 24 
20 44 44 3 41 24 
20 44 44 3 41 24 
20 44 44 3 21 44 
20 44 44 3 21 44 
20 44 44 11 33 24 
20 44 44 11 33 24 
20 44 44 4 24 40 
20 44 44 4 40 24 
20 44 44 9 24 35 
20 44 44 9 35 24 
20 44 44 9 24 35 
20 44 44 9 35 24 
20 44 44 9 24 35 
20 44 44 9 35 24 
20 44 44 24 9 35 
20 44 44 9 35 24 
20 44 41 3 44 24 
20 44 41 3 44 24 
20 44 41 3 44 24 
20 44 41 3 44 24 
20 44 41 3 44 24 
20 44 41 3 44 24 
20 44 41 3 44 24 
20 44 41 3 44 24 
20 44 3 41 44 24 
20 44 3 41 44 24 
20 44 3 41 44 24 
20 44 3 41 44 24 
20 44 3 21 44 44 
20 44 13 11 44 44 
20 44 13 44 31 24 
20 44 13 44 31 24 
20 44 13 44 31 24 
20 44 13 44 31 24 
20 44 3 41 44 24 
20 44 3 41 44 24 
20 44 3 41 44 24 
20 44 3 41 44 24 
20 44 3 21 44 44 
20 44 11 44 33 24 
20 44 11 44 33 24 
20 44 11 44 33 24 
20 44 11 44 33 24 
20 44 4 44 24 40 
20 44 4 44 40 24 
20 44 4 44 24 40 
20 44 4 44 40 24 
20 44 9 44 24 35 
20 44 9 44 35 24 
20 44 9 44 24 35 
20 44 9 44 35 24 
20 44 9 44 24 35 
20 44 9 44 35 24 
20 44 9 44 24 35 
20 44 9 44 35 24 
20 44 44 9 24 35 
20 44 44 9 35 24 
20 44 44 24 9 35 
20 44 44 9 35 24 
20 44 44 9 24 35 
20 44 44 9 35 24 
20 44 44 24 9 35 
20 44 44 9 35 24 
20 16 44 44 44 8 
20 16 4 8 24 24 
20 16 17 37 21 37 
20 44 41 3 44 24 
20 44 41 3 44 24 
20 44 41 3 44 24 
20 44 41 3 44 24 
20 44 41 3 44 24 
20 44 41 3 44 24 
20 44 41 3 44 24 
20 44 41 3 44 24 
20 44 3 41 44 24 
20 44 3 41 44 24 
20 44 3 41 44 24 
20 44 3 41 44 24 
20 44 3 21 44 44 
20 44 13 11 44 44 
20 44 13 44 31 24 
20 44 13 44 31 24 
20 44 13 44 31 24 
20 44 13 44 31 24 
20 44 3 41 44 24 
20 44 3 41 44 24 
20 44 3 41 44 24 
20 44 3 41 44 24 
20 44 3 21 44 44 
20 44 11 44 33 24 
20 44 11 44 33 24 
20 44 11 44 33 24 
20 44 11 44 33 24 
20 44 4 44 24 40 
20 44 4 44 40 24 
20 44 4 44 24 40 
20 44 4 44 40 24 
20 44 9 44 24 35 
20 44 9 44 35 24 
20 44 9 44 24 35 
20 44 9 44 35 24 
20 44 9 44 24 35 
20 44 9 44 35 24 
20 44 9 44 24 35 
20 44 9 44 35 24 
20 44 44 9 24 35 
20 44 44 9 35 24 
20 44 44 24 9 35 
20 44 44 9 35 24 
20 44 44 9 24 35 
20 44 44 9 35 24 
20 44 44 24 9 35 
20 44 44 9 35 24 
20 41 3 38 41 21 
20 41 3 41 21 38 
20 41 3 44 44 24 
20 41 3 44 44 24 
20 41 38 3 41 21 
20 41 3 41 21 38 
20 41 3 44 44 24 
20 41 3 44 44 24 
20 41 4 37 41 21 
20 41 4 41 21 37 
20 41 17 41 21 24 
20 41 17 41 21 24 
20 41 41 21 33 8 
20 3 38 18 38 35 
20 3 4 21 24 24 
20 3 17 37 34 37 
20 3 41 44 44 24 
20 3 41 44 44 24 
20 13 11 4 24 24 
20 13 17 37 24 37 
20 13 17 37 37 24 
20 13 44 44 31 24 
20 13 44 44 31 24 
20 38 3 18 38 35 
20 38 4 18 38 34 
20 38 17 18 21 38 
20 3 4 21 24 24 
20 3 17 37 34 37 
20 3 41 44 44 24 
20 3 41 44 44 24 
20 11 44 44 33 24 
20 11 44 44 33 24 
20 4 17 37 33 37 
20 4 44 44 24 40 
20 4 44 44 40 24 
20 9 44 44 24 35 
20 9 44 44 35 24 
20 9 44 44 24 35 
20 9 44 44 35 24 
20 44 44 9 24 35 
20 44 44 9 35 24 
20 44 44 24 9 35 
20 44 44 9 35 24 
9 4 29 38 38 34 
9 4 44 44 44 31 
9 4 44 44 44 31 
9 4 44 44 40 35 
9 4 44 44 44 31 
9 4 44 44 40 35 
9 4 44 44 40 35 
9 4 44 44 44 31 
9 4 44 44 40 35 
9 4 44 44 40 35 
9 4 44 44 40 35 
9 7 29 38 38 31 
9 7 44 44 37 35 
9 7 44 44 37 35 
9 7 44 37 44 35 
9 7 44 37 44 35 
9 7 44 44 37 35 
9 7 44 44 37 35 
9 7 44 37 44 35 
9 7 44 37 44 35 
9 7 44 44 37 35 
9 7 44 44 37 35 
9 7 37 44 44 35 
9 7 44 44 37 35 
9 10 44 44 34 35 
9 10 44 44 34 35 
9 10 44 44 34 35 
9 10 44 44 34 35 
9 10 44 44 34 35 
9 10 44 44 34 35 
9 29 3 38 38 35 
9 29 38 3 38 35 
9 29 38 4 38 34 
9 29 38 17 21 38 
9 44 44 41 3 35 
9 44 44 41 3 35 
9 44 44 3 41 35 
9 44 44 13 31 35 
9 44 44 3 41 35 
9 44 44 11 44 24 
9 44 44 11 44 24 
9 44 44 11 44 24 
9 44 44 11 44 24 
9 44 44 11 33 35 
9 44 44 4 44 31 
9 44 44 4 44 31 
9 44 44 4 40 35 
9 44 44 17 18 44 
9 44 44 17 18 44 
9 44 41 3 44 35 
9 44 41 3 44 35 
9 44 41 3 44 35 
9 44 41 3 44 35 
9 44 3 41 44 35 
9 44 3 41 44 35 
9 44 13 44 31 35 
9 44 13 44 31 35 
9 44 3 41 44 35 
9 44 3 41 44 35 
9 44 11 44 44 24 
9 44 11 44 44 24 
9 44 11 44 33 35 
9 44 11 44 33 35 
9 44 4 44 44 31 
9 44 4 44 40 35 
9 44 4 44 40 35 
9 44 17 18 44 44 
9 44 41 3 44 35 
9 44 41 3 44 35 
9 44 41 3 44 35 
9 44 41 3 44 35 
9 44 3 41 44 35 
9 44 3 41 44 35 
9 44 13 44 31 35 
9 44 13 44 31 35 
9 44 3 41 44 35 
9 44 3 41 44 35 
9 44 11 44 44 24 
9 44 11 44 44 24 
9 44 11 44 33 35 
9 44 11 44 33 35 
9 44 4 44 44 31 
9 44 4 44 40 35 
9 44 4 44 40 35 
9 44 17 18 44 44 
9 41 3 44 44 35 
9 41 3 44 44 35 
9 3 41 44 44 35 
9 13 44 44 31 35 
9 3 41 44 44 35 
9 11 44 44 33 35 
9 4 44 44 40 35 
8 4 29 37 33 37 
8 4 41 37 41 33 
8 4 41 41 33 37 
8 7 29 44 44 44 
8 7 29 44 44 44 
8 7 29 44 44 44 
8 7 29 44 44 44 
8 7 16 17 24 24 
8 7 41 41 33 34 
8 10 41 41 33 31 
8 29 16 37 21 37 
8 29 41 41 33 12 
8 29 3 37 34 37 
8 29 13 37 24 37 
8 29 13 37 37 24 
8 29 3 37 34 37 
8 29 4 37 33 37 
8 44 44 3 44 33 
8 44 44 3 44 33 
8 44 44 3 44 33 
8 44 44 3 44 33 
8 44 44 44 24 12 
8 44 44 44 12 24 
8 44 44 44 24 12 
8 44 44 44 12 24 
8 44 3 44 44 33 
8 44 3 44 44 33 
8 44 44 44 24 12 
8 44 44 44 12 24 
8 16 3 21 24 24 
8 16 13 11 24 24 
8 16 3 21 24 24 
8 44 3 44 44 33 
8 44 3 44 44 33 
8 44 44 44 24 12 
8 44 44 44 12 24 
8 41 3 38 41 33 
8 41 3 41 33 38 
8 41 38 3 41 33 
8 41 3 41 33 38 
8 41 4 37 41 33 
8 41 4 41 33 37 
8 41 17 41 33 24 
8 41 17 41 33 24 
4 7 44 44 37 40 
4 7 44 44 44 33 
4 7 44 44 44 33 
4 7 44 44 37 40 
4 7 44 37 44 40 
4 7 44 37 44 40 
4 7 44 44 44 33 
4 7 44 44 37 40 
4 7 44 44 37 40 
4 7 44 37 44 40 
4 7 44 37 44 40 
4 7 44 44 44 33 
4 7 44 44 37 40 
4 7 44 44 37 40 
4 7 41 37 41 34 
4 7 41 41 34 37 
4 7 38 38 34 31 
4 7 37 44 44 40 
4 7 44 44 37 40 
4 10 44 44 34 40 
4 10 44 44 34 40 
4 10 44 44 34 40 
4 10 44 44 34 40 
4 10 44 44 34 40 
4 10 41 37 41 31 
4 10 41 41 31 37 
4 10 44 44 34 40 
4 29 44 44 11 44 
4 29 44 44 11 44 
4 29 44 11 44 44 
4 29 44 11 44 44 
4 29 41 37 41 12 
4 29 41 41 12 37 
4 29 38 9 38 34 
4 29 38 9 38 34 
4 29 38 38 34 9 
4 29 38 38 34 9 
4 29 37 33 8 37 
4 44 16 44 44 24 
4 44 16 44 44 24 
4 44 16 44 44 24 
4 44 16 44 44 24 
4 44 16 44 44 24 
4 44 16 44 44 24 
4 44 44 41 3 40 
4 44 44 41 3 40 
4 44 44 3 37 44 
4 44 44 3 37 44 
4 44 44 3 41 40 
4 44 44 3 44 37 
4 44 44 3 44 37 
4 44 44 13 31 40 
4 44 44 3 37 44 
4 44 44 3 37 44 
4 44 44 3 41 40 
4 44 44 3 44 37 
4 44 44 3 44 37 
4 44 44 11 33 40 
4 44 44 9 44 31 
4 44 44 9 44 31 
4 44 44 9 40 35 
4 44 44 9 44 31 
4 44 44 9 44 31 
4 44 44 9 40 35 
4 44 44 44 31 9 
4 44 44 44 31 9 
4 44 44 44 31 9 
4 44 44 44 31 9 
4 44 44 9 40 35 
4 44 44 9 40 35 
4 44 41 3 44 40 
4 44 41 3 44 40 
4 44 41 3 44 40 
4 44 41 3 44 40 
4 44 3 37 44 44 
4 44 3 41 44 40 
4 44 3 41 44 40 
4 44 3 44 44 37 
4 44 13 44 31 40 
4 44 13 44 31 40 
4 44 3 37 44 44 
4 44 3 41 44 40 
4 44 3 41 44 40 
4 44 3 44 44 37 
4 44 11 44 33 40 
4 44 11 44 33 40 
4 44 9 44 44 31 
4 44 9 44 40 35 
4 44 9 44 40 35 
4 44 9 44 44 31 
4 44 9 44 40 35 
4 44 9 44 40 35 
4 44 44 44 31 9 
4 44 44 44 31 9 
4 44 44 9 40 35 
4 44 44 9 40 35 
4 44 44 9 40 35 
4 44 44 9 40 35 
4 16 44 44 44 24 
4 16 44 44 44 24 
4 16 37 21 33 37 
4 44 41 3 44 40 
4 44 41 3 44 40 
4 44 41 3 44 40 
4 44 41 3 44 40 
4 44 3 37 44 44 
4 44 3 41 44 40 
4 44 3 41 44 40 
4 44 3 44 44 37 
4 44 13 44 31 40 
4 44 13 44 31 40 
4 44 3 37 44 44 
4 44 3 41 44 40 
4 44 3 41 44 40 
4 44 3 44 44 37 
4 44 11 44 33 40 
4 44 11 44 33 40 
4 44 9 44 44 31 
4 44 9 44 40 35 
4 44 9 44 40 35 
4 44 9 44 44 31 
4 44 9 44 40 35 
4 44 9 44 40 35 
4 44 44 44 31 9 
4 44 44 44 31 9 
4 44 44 9 40 35 
4 44 44 9 40 35 
4 44 44 9 40 35 
4 44 44 9 40 35 
4 41 3 38 37 41 
4 41 3 38 41 37 
4 41 3 37 41 38 
4 41 3 41 38 37 
4 41 3 44 44 40 
4 41 38 3 37 41 
4 41 38 3 41 37 
4 41 3 37 41 38 
4 41 3 41 38 37 
4 41 3 44 44 40 
4 41 4 37 41 37 
4 41 17 37 41 24 
4 41 17 37 41 24 
4 41 17 41 24 37 
4 41 17 41 37 24 
4 41 37 41 33 8 
4 41 41 33 8 37 
4 3 38 38 34 35 
4 3 37 33 34 37 
4 3 41 44 44 40 
4 13 37 33 24 37 
4 13 37 33 37 24 
4 13 44 44 31 40 
4 38 3 38 34 35 
4 38 17 21 38 34 
4 3 37 33 34 37 
4 3 41 44 44 40 
4 11 44 44 33 40 
4 9 44 44 40 35 
4 9 44 44 40 35 
4 44 44 9 40 35 
4 44 44 9 40 35 
7 10 44 44 37 34 
7 10 44 44 34 37 
7 10 44 37 44 34 
7 10 44 37 44 34 
7 10 44 44 34 37 
7 10 44 44 34 37 
7 10 44 37 44 34 
7 10 44 37 44 34 
7 10 44 44 34 37 
7 10 44 44 34 37 
7 10 41 41 34 31 
7 10 37 44 44 34 
7 10 44 44 34 37 
7 29 44 44 44 8 
7 29 44 44 44 8 
7 29 44 44 44 8 
7 29 44 44 44 8 
7 29 41 41 34 12 
7 29 38 9 38 31 
7 29 38 9 38 31 
7 29 38 38 31 9 
7 29 38 38 31 9 
7 44 16 44 21 44 
7 44 16 44 21 44 
7 44 16 21 44 44 
7 44 44 41 3 37 
7 44 44 41 3 37 
7 44 44 41 3 37 
7 44 44 41 3 37 
7 44 44 3 37 41 
7 44 44 3 41 37 
7 44 44 3 44 34 
7 44 44 3 44 34 
7 44 44 13 37 31 
7 44 44 13 44 24 
7 44 44 13 44 24 
7 44 44 13 44 24 
7 44 44 13 44 24 
7 44 44 13 31 37 
7 44 44 3 37 41 
7 44 44 3 41 37 
7 44 44 3 44 34 
7 44 44 3 44 34 
7 44 44 11 37 33 
7 44 44 11 33 37 
7 44 44 4 37 40 
7 44 44 4 44 33 
7 44 44 4 44 33 
7 44 44 4 37 40 
7 44 44 37 9 35 
7 44 44 37 9 35 
7 44 44 37 9 35 
7 44 44 37 9 35 
7 44 44 9 37 35 
7 44 44 9 37 35 
7 44 44 9 37 35 
7 44 44 37 9 35 
7 44 41 3 37 44 
7 44 41 3 37 44 
7 44 41 3 44 37 
7 44 41 3 44 37 
7 44 41 3 37 44 
7 44 41 3 37 44 
7 44 41 3 44 37 
7 44 41 3 44 37 
7 44 3 37 41 44 
7 44 3 37 41 44 
7 44 3 41 44 37 
7 44 3 41 44 37 
7 44 3 44 44 34 
7 44 13 37 44 31 
7 44 13 37 44 31 
7 44 13 44 44 24 
7 44 13 44 44 24 
7 44 13 44 31 37 
7 44 13 44 31 37 
7 44 3 37 41 44 
7 44 3 37 41 44 
7 44 3 41 44 37 
7 44 3 41 44 37 
7 44 3 44 44 34 
7 44 11 37 44 33 
7 44 11 37 44 33 
7 44 11 44 33 37 
7 44 11 44 33 37 
7 44 4 37 44 40 
7 44 4 37 44 40 
7 44 4 44 44 33 
7 44 4 44 37 40 
7 44 4 44 37 40 
7 44 37 9 44 35 
7 44 37 9 44 35 
7 44 37 9 44 35 
7 44 37 9 44 35 
7 44 37 44 9 35 
7 44 37 44 9 35 
7 44 37 44 9 35 
7 44 37 44 9 35 
7 44 9 44 37 35 
7 44 9 44 37 35 
7 44 9 44 37 35 
7 44 9 44 37 35 
7 44 44 9 37 35 
7 44 44 37 9 35 
7 44 44 9 37 35 
7 44 44 37 9 35 
7 16 44 21 44 44 
7 16 17 8 24 24 
7 44 41 3 37 44 
7 44 41 3 37 44 
7 44 41 3 44 37 
7 44 41 3 44 37 
7 44 41 3 37 44 
7 44 41 3 37 44 
7 44 41 3 44 37 
7 44 41 3 44 37 
7 44 3 37 41 44 
7 44 3 37 41 44 
7 44 3 41 44 37 
7 44 3 41 44 37 
7 44 3 44 44 34 
7 44 13 37 44 31 
7 44 13 37 44 31 
7 44 13 44 44 24 
7 44 13 44 44 24 
7 44 13 44 31 37 
7 44 13 44 31 37 
7 44 3 37 41 44 
7 44 3 37 41 44 
7 44 3 41 44 37 
7 44 3 41 44 37 
7 44 3 44 44 34 
7 44 11 37 44 33 
7 44 11 37 44 33 
7 44 11 44 33 37 
7 44 11 44 33 37 
7 44 4 37 44 40 
7 44 4 37 44 40 
7 44 4 44 44 33 
7 44 4 44 37 40 
7 44 4 44 37 40 
7 44 37 9 44 35 
7 44 37 9 44 35 
7 44 37 9 44 35 
7 44 37 9 44 35 
7 44 37 44 9 35 
7 44 37 44 9 35 
7 44 37 44 9 35 
7 44 37 44 9 35 
7 44 9 44 37 35 
7 44 9 44 37 35 
7 44 9 44 37 35 
7 44 9 44 37 35 
7 44 44 9 37 35 
7 44 44 37 9 35 
7 44 44 9 37 35 
7 44 44 37 9 35 
7 41 3 38 41 34 
7 41 3 37 44 44 
7 41 3 41 38 34 
7 41 3 44 44 37 
7 41 38 3 41 34 
7 41 3 37 44 44 
7 41 3 41 38 34 
7 41 3 44 44 37 
7 41 4 37 41 34 
7 41 4 41 34 37 
7 41 17 41 34 24 
7 41 17 41 34 24 
7 41 41 33 34 8 
7 3 38 38 31 35 
7 3 17 21 24 24 
7 3 37 41 44 44 
7 3 41 44 44 37 
7 13 11 17 24 24 
7 13 37 44 44 31 
7 13 44 44 31 37 
7 38 3 38 31 35 
7 38 4 38 34 31 
7 38 17 21 38 31 
7 3 17 21 24 24 
7 3 37 41 44 44 
7 3 41 44 44 37 
7 11 37 44 44 33 
7 11 44 44 33 37 
7 4 37 44 44 40 
7 4 44 44 37 40 
7 37 9 44 44 35 
7 37 9 44 44 35 
7 37 44 44 9 35 
7 37 44 44 9 35 
7 9 44 44 37 35 
7 9 44 44 37 35 
7 44 44 9 37 35 
7 44 44 37 9 35 
10 29 41 41 31 12 
10 44 16 44 18 44 
10 44 16 44 18 44 
10 44 16 18 44 44 
10 44 44 41 3 34 
10 44 44 41 3 34 
10 44 44 3 41 34 
10 44 44 3 44 31 
10 44 44 3 44 31 
10 44 44 13 21 44 
10 44 44 13 21 44 
10 44 44 13 34 31 
10 44 44 3 41 34 
10 44 44 3 44 31 
10 44 44 3 44 31 
10 44 44 11 33 34 
10 44 44 4 34 40 
10 44 44 9 34 35 
10 44 44 9 34 35 
10 44 44 34 9 35 
10 44 44 34 9 35 
10 44 41 3 44 34 
10 44 41 3 44 34 
10 44 41 3 44 34 
10 44 41 3 44 34 
10 44 3 41 44 34 
10 44 3 41 44 34 
10 44 3 44 44 31 
10 44 13 21 44 44 
10 44 13 44 34 31 
10 44 13 44 34 31 
10 44 3 41 44 34 
10 44 3 41 44 34 
10 44 3 44 44 31 
10 44 11 44 33 34 
10 44 11 44 33 34 
10 44 4 44 34 40 
10 44 4 44 34 40 
10 44 9 44 34 35 
10 44 9 44 34 35 
10 44 9 44 34 35 
10 44 9 44 34 35 
10 44 44 34 9 35 
10 44 44 34 9 35 
10 44 44 34 9 35 
10 44 44 34 9 35 
10 16 44 18 44 44 
10 44 41 3 44 34 
10 44 41 3 44 34 
10 44 41 3 44 34 
10 44 41 3 44 34 
10 44 3 41 44 34 
10 44 3 41 44 34 
10 44 3 44 44 31 
10 44 13 21 44 44 
10 44 13 44 34 31 
10 44 13 44 34 31 
10 44 3 41 44 34 
10 44 3 41 44 34 
10 44 3 44 44 31 
10 44 11 44 33 34 
10 44 11 44 33 34 
10 44 4 44 34 40 
10 44 4 44 34 40 
10 44 9 44 34 35 
10 44 9 44 34 35 
10 44 9 44 34 35 
10 44 9 44 34 35 
10 44 44 34 9 35 
10 44 44 34 9 35 
10 44 44 34 9 35 
10 44 44 34 9 35 
10 41 3 38 41 31 
10 41 3 41 38 31 
10 41 3 44 44 34 
10 41 38 3 41 31 
10 41 3 41 38 31 
10 41 3 44 44 34 
10 41 4 37 41 31 
10 41 4 41 31 37 
10 41 17 41 31 24 
10 41 17 41 31 24 
10 41 41 33 8 31 
10 3 41 44 44 34 
10 13 44 44 34 31 
10 3 41 44 44 34 
10 11 44 44 33 34 
10 4 44 44 34 40 
10 9 44 44 34 35 
10 9 44 44 34 35 
10 44 44 34 9 35 
10 44 44 34 9 35 
29 44 44 3 44 12 
29 44 44 3 44 12 
29 44 44 3 44 12 
29 44 44 3 44 12 
29 44 44 11 4 44 
29 44 44 11 4 44 
29 44 3 44 44 12 
29 44 3 44 44 12 
29 44 11 4 44 44 
29 16 37 21 8 37 
29 44 3 44 44 12 
29 44 3 44 44 12 
29 44 11 4 44 44 
29 41 3 38 41 12 
29 41 3 41 38 12 
29 41 38 3 41 12 
29 41 3 41 38 12 
29 41 4 37 41 12 
29 41 4 41 12 37 
29 41 17 41 24 12 
29 41 17 41 12 24 
29 41 41 33 8 12 
29 3 38 9 38 35 
29 3 38 9 38 35 
29 3 38 38 9 35 
29 3 38 38 9 35 
29 3 37 34 8 37 
29 13 37 8 24 37 
29 13 37 8 37 24 
29 38 3 9 38 35 
29 38 3 9 38 35 
29 38 3 38 9 35 
29 38 3 38 9 35 
29 38 4 9 38 34 
29 38 4 9 38 34 
29 38 4 38 34 9 
29 38 4 38 34 9 
29 38 17 9 21 38 
29 38 17 9 21 38 
29 38 17 21 38 9 
29 38 17 21 38 9 
29 3 37 34 8 37 
29 4 37 33 8 37 
44 16 44 11 17 44 
44 16 44 11 17 44 
44 16 44 4 44 24 
44 16 44 4 44 24 
44 16 44 4 44 24 
44 16 44 4 44 24 
44 16 11 17 44 44 
44 16 4 44 44 24 
44 16 4 44 44 24 
44 44 41 3 13 31 
44 44 41 3 3 41 
44 44 41 3 11 33 
44 44 41 3 4 40 
44 44 41 3 9 35 
44 44 41 3 9 35 
44 44 41 3 9 35 
44 44 41 3 9 35 
44 44 41 13 3 31 
44 44 41 3 11 33 
44 44 41 3 4 40 
44 44 41 3 9 35 
44 44 41 3 9 35 
44 44 41 3 9 35 
44 44 41 3 9 35 
44 44 3 13 41 31 
44 44 3 38 3 44 
44 44 3 38 3 44 
44 44 3 3 44 38 
44 44 3 3 44 38 
44 44 3 11 41 33 
44 44 3 4 37 44 
44 44 3 4 37 44 
44 44 3 4 41 40 
44 44 3 4 44 37 
44 44 3 4 44 37 
44 44 3 17 44 24 
44 44 3 17 44 24 
44 44 3 17 44 24 
44 44 3 17 44 24 
44 44 3 41 9 35 
44 44 3 41 9 35 
44 44 3 41 9 35 
44 44 3 41 9 35 
44 44 3 44 33 8 
44 44 3 44 33 8 
44 44 13 3 41 31 
44 44 13 11 33 31 
44 44 13 4 31 40 
44 44 13 9 31 35 
44 44 13 9 31 35 
44 44 13 31 9 35 
44 44 13 31 9 35 
44 44 3 11 41 33 
44 44 3 4 37 44 
44 44 3 4 37 44 
44 44 3 4 41 40 
44 44 3 4 44 37 
44 44 3 4 44 37 
44 44 3 17 44 24 
44 44 3 17 44 24 
44 44 3 17 44 24 
44 44 3 17 44 24 
44 44 3 41 9 35 
44 44 3 41 9 35 
44 44 3 41 9 35 
44 44 3 41 9 35 
44 44 3 44 33 8 
44 44 3 44 33 8 
44 44 11 4 33 40 
44 44 11 9 44 24 
44 44 11 9 44 24 
44 44 11 9 44 24 
44 44 11 9 44 24 
44 44 11 9 33 35 
44 44 11 9 44 24 
44 44 11 9 44 24 
44 44 11 9 44 24 
44 44 11 9 44 24 
44 44 11 9 33 35 
44 44 11 21 44 12 
44 44 11 21 44 12 
44 44 11 44 9 24 
44 44 11 44 9 24 
44 44 11 44 24 9 
44 44 11 44 9 24 
44 44 11 44 9 24 
44 44 11 44 9 24 
44 44 11 44 24 9 
44 44 11 44 9 24 
44 44 11 33 9 35 
44 44 11 33 9 35 
44 44 4 9 44 31 
44 44 4 9 44 31 
44 44 4 9 40 35 
44 44 4 9 44 31 
44 44 4 9 44 31 
44 44 4 9 40 35 
44 44 4 44 31 9 
44 44 4 44 31 9 
44 44 4 44 31 9 
44 44 4 44 31 9 
44 44 4 9 40 35 
44 44 4 9 40 35 
44 44 17 9 18 44 
44 44 17 9 18 44 
44 44 17 9 18 44 
44 44 17 9 18 44 
44 44 17 18 44 9 
44 44 17 18 44 9 
44 44 17 18 44 9 
44 44 17 18 44 9 
44 44 44 8 24 12 
44 44 44 8 12 24 
44 44 44 8 24 12 
44 44 44 8 12 24 
44 41 3 13 44 31 
44 41 3 13 44 31 
44 41 3 3 41 44 
44 41 3 3 41 44 
44 41 3 11 44 33 
44 41 3 11 44 33 
44 41 3 4 44 40 
44 41 3 4 44 40 
44 41 3 9 44 35 
44 41 3 9 44 35 
44 41 3 9 44 35 
44 41 3 9 44 35 
44 41 3 44 9 35 
44 41 3 44 9 35 
44 41 3 44 9 35 
44 41 3 44 9 35 
44 41 13 3 44 31 
44 41 13 3 44 31 
44 41 3 11 44 33 
44 41 3 11 44 33 
44 41 3 4 44 40 
44 41 3 4 44 40 
44 41 3 9 44 35 
44 41 3 9 44 35 
44 41 3 9 44 35 
44 41 3 9 44 35 
44 41 3 44 9 35 
44 41 3 44 9 35 
44 41 3 44 9 35 
44 41 3 44 9 35 
44 3 13 41 44 31 
44 3 13 41 44 31 
44 3 38 3 44 44 
44 3 3 44 44 38 
44 3 11 41 44 33 
44 3 11 41 44 33 
44 3 4 37 44 44 
44 3 4 41 44 40 
44 3 4 41 44 40 
44 3 4 44 44 37 
44 3 17 44 44 24 
44 3 17 44 44 24 
44 3 41 9 44 35 
44 3 41 9 44 35 
44 3 41 9 44 35 
44 3 41 9 44 35 
44 3 41 44 9 35 
44 3 41 44 9 35 
44 3 41 44 9 35 
44 3 41 44 9 35 
44 3 44 44 33 8 
44 13 3 41 44 31 
44 13 3 41 44 31 
44 13 11 44 33 31 
44 13 11 44 33 31 
44 13 4 44 31 40 
44 13 4 44 31 40 
44 13 9 44 31 35 
44 13 9 44 31 35 
44 13 9 44 31 35 
44 13 9 44 31 35 
44 13 44 31 9 35 
44 13 44 31 9 35 
44 13 44 31 9 35 
44 13 44 31 9 35 
44 3 11 41 44 33 
44 3 11 41 44 33 
44 3 4 37 44 44 
44 3 4 41 44 40 
44 3 4 41 44 40 
44 3 4 44 44 37 
44 3 17 44 44 24 
44 3 17 44 44 24 
44 3 41 9 44 35 
44 3 41 9 44 35 
44 3 41 9 44 35 
44 3 41 9 44 35 
44 3 41 44 9 35 
44 3 41 44 9 35 
44 3 41 44 9 35 
44 3 41 44 9 35 
44 3 44 44 33 8 
44 11 4 44 33 40 
44 11 4 44 33 40 
44 11 9 44 44 24 
44 11 9 44 44 24 
44 11 9 44 33 35 
44 11 9 44 33 35 
44 11 9 44 44 24 
44 11 9 44 44 24 
44 11 9 44 33 35 
44 11 9 44 33 35 
44 11 21 44 44 12 
44 11 44 44 9 24 
44 11 44 44 9 24 
44 11 44 44 24 9 
44 11 44 44 9 24 
44 11 44 33 9 35 
44 11 44 33 9 35 
44 11 44 33 9 35 
44 11 44 33 9 35 
44 4 9 44 44 31 
44 4 9 44 40 35 
44 4 9 44 40 35 
44 4 9 44 44 31 
44 4 9 44 40 35 
44 4 9 44 40 35 
44 4 44 44 31 9 
44 4 44 44 31 9 
44 4 44 9 40 35 
44 4 44 9 40 35 
44 4 44 9 40 35 
44 4 44 9 40 35 
44 17 9 18 44 44 
44 17 9 18 44 44 
44 17 18 44 44 9 
44 17 18 44 44 9 
44 44 44 8 24 12 
44 44 44 8 12 24 
16 44 11 17 44 44 
16 44 4 44 44 24 
16 44 4 44 44 24 
16 3 37 21 34 37 
16 3 21 8 24 24 
16 13 11 8 24 24 
16 13 37 21 24 37 
16 13 37 21 37 24 
16 3 37 21 34 37 
16 3 21 8 24 24 
16 4 37 21 33 37 
44 41 3 13 44 31 
44 41 3 13 44 31 
44 41 3 3 41 44 
44 41 3 3 41 44 
44 41 3 11 44 33 
44 41 3 11 44 33 
44 41 3 4 44 40 
44 41 3 4 44 40 
44 41 3 9 44 35 
44 41 3 9 44 35 
44 41 3 9 44 35 
44 41 3 9 44 35 
44 41 3 44 9 35 
44 41 3 44 9 35 
44 41 3 44 9 35 
44 41 3 44 9 35 
44 41 13 3 44 31 
44 41 13 3 44 31 
44 41 3 11 44 33 
44 41 3 11 44 33 
44 41 3 4 44 40 
44 41 3 4 44 40 
44 41 3 9 44 35 
44 41 3 9 44 35 
44 41 3 9 44 35 
44 41 3 9 44 35 
44 41 3 44 9 35 
44 41 3 44 9 35 
44 41 3 44 9 35 
44 41 3 44 9 35 
44 3 13 41 44 31 
44 3 13 41 44 31 
44 3 38 3 44 44 
44 3 3 44 44 38 
44 3 11 41 44 33 
44 3 11 41 44 33 
44 3 4 37 44 44 
44 3 4 41 44 40 
44 3 4 41 44 40 
44 3 4 44 44 37 
44 3 17 44 44 24 
44 3 17 44 44 24 
44 3 41 9 44 35 
44 3 41 9 44 35 
44 3 41 9 44 35 
44 3 41 9 44 35 
44 3 41 44 9 35 
44 3 41 44 9 35 
44 3 41 44 9 35 
44 3 41 44 9 35 
44 3 44 44 33 8 
44 13 3 41 44 31 
44 13 3 41 44 31 
44 13 11 44 33 31 
44 13 11 44 33 31 
44 13 4 44 31 40 
44 13 4 44 31 40 
44 13 9 44 31 35 
44 13 9 44 31 35 
44 13 9 44 31 35 
44 13 9 44 31 35 
44 13 44 31 9 35 
44 13 44 31 9 35 
44 13 44 31 9 35 
44 13 44 31 9 35 
44 3 11 41 44 33 
44 3 11 41 44 33 
44 3 4 37 44 44 
44 3 4 41 44 40 
44 3 4 41 44 40 
44 3 4 44 44 37 
44 3 17 44 44 24 
44 3 17 44 44 24 
44 3 41 9 44 35 
44 3 41 9 44 35 
44 3 41 9 44 35 
44 3 41 9 44 35 
44 3 41 44 9 35 
44 3 41 44 9 35 
44 3 41 44 9 35 
44 3 41 44 9 35 
44 3 44 44 33 8 
44 11 4 44 33 40 
44 11 4 44 33 40 
44 11 9 44 44 24 
44 11 9 44 44 24 
44 11 9 44 33 35 
44 11 9 44 33 35 
44 11 9 44 44 24 
44 11 9 44 44 24 
44 11 9 44 33 35 
44 11 9 44 33 35 
44 11 21 44 44 12 
44 11 44 44 9 24 
44 11 44 44 9 24 
44 11 44 44 24 9 
44 11 44 44 9 24 
44 11 44 33 9 35 
44 11 44 33 9 35 
44 11 44 33 9 35 
44 11 44 33 9 35 
44 4 9 44 44 31 
44 4 9 44 40 35 
44 4 9 44 40 35 
44 4 9 44 44 31 
44 4 9 44 40 35 
44 4 9 44 40 35 
44 4 44 44 31 9 
44 4 44 44 31 9 
44 4 44 9 40 35 
44 4 44 9 40 35 
44 4 44 9 40 35 
44 4 44 9 40 35 
44 17 9 18 44 44 
44 17 9 18 44 44 
44 17 18 44 44 9 
44 17 18 44 44 9 
44 44 44 8 24 12 
44 44 44 8 12 24 
41 3 13 44 44 31 
41 3 38 3 41 38 
41 3 38 4 37 41 
41 3 38 4 41 37 
41 3 38 17 41 24 
41 3 38 17 41 24 
41 3 38 41 33 8 
41 3 3 41 44 44 
41 3 11 44 44 33 
41 3 4 37 41 38 
41 3 4 41 38 37 
41 3 4 44 44 40 
41 3 17 41 38 24 
41 3 17 41 38 24 
41 3 41 33 38 8 
41 3 9 44 44 35 
41 3 9 44 44 35 
41 3 44 44 9 35 
41 3 44 44 9 35 
41 13 3 44 44 31 
41 38 3 4 37 41 
41 38 3 4 41 37 
41 38 3 17 41 24 
41 38 3 17 41 24 
41 38 3 41 33 8 
41 3 11 44 44 33 
41 3 4 37 41 38 
41 3 4 41 38 37 
41 3 4 44 44 40 
41 3 17 41 38 24 
41 3 17 41 38 24 
41 3 41 33 38 8 
41 3 9 44 44 35 
41 3 9 44 44 35 
41 3 44 44 9 35 
41 3 44 44 9 35 
41 4 17 37 41 24 
41 4 17 37 41 24 
41 4 17 41 24 37 
41 4 17 41 37 24 
41 4 37 41 33 8 
41 4 41 33 8 37 
41 17 41 33 8 24 
41 17 41 33 8 24 
3 13 11 21 24 24 
3 13 37 34 24 37 
3 13 37 34 37 24 
3 13 41 44 44 31 
3 38 4 38 34 35 
3 38 17 21 38 35 
3 11 41 44 44 33 
3 4 37 33 34 37 
3 4 41 44 44 40 
3 41 9 44 44 35 
3 41 9 44 44 35 
3 41 44 44 9 35 
3 41 44 44 9 35 
13 3 11 21 24 24 
13 3 37 34 24 37 
13 3 37 34 37 24 
13 3 41 44 44 31 
13 11 44 44 33 31 
13 4 37 33 24 37 
13 4 37 33 37 24 
13 4 44 44 31 40 
13 9 44 44 31 35 
13 9 44 44 31 35 
13 44 44 31 9 35 
13 44 44 31 9 35 
38 3 4 38 34 35 
38 3 17 21 38 35 
38 4 17 21 38 34 
3 11 41 44 44 33 
3 4 37 33 34 37 
3 4 41 44 44 40 
3 41 9 44 44 35 
3 41 9 44 44 35 
3 41 44 44 9 35 
3 41 44 44 9 35 
11 4 44 44 33 40 
11 9 44 44 33 35 
11 9 44 44 33 35 
11 44 44 33 9 35 
11 44 44 33 9 35 
4 9 44 44 40 35 
4 9 44 44 40 35 
4 44 44 9 40 35 
4 44 44 9 40 35 
Squares number: 2625
===========================================
Algorithm time: 0.171245
