Naive Algorithm:
===========================================
[0]: 4
[1]: 15
[2]: 5
[3]: 18
[4]: 6
[5]: 5
[6]: 1
[7]: 12
[8]: 2
[9]: 16
[10]: 7
[11]: 16
[12]: 16
[13]: 14
[14]: 13
[15]: 16
[16]: 14
[17]: 12
[18]: 9
[19]: 7
===========================================
4 15 1 12 16 16 
4 15 1 12 16 16 
4 15 1 12 16 16 
4 15 1 12 16 16 
4 15 1 12 16 16 
4 15 1 12 16 16 
4 15 1 16 16 12 
4 15 1 16 16 12 
4 15 1 16 16 12 
4 15 1 16 16 12 
4 15 1 16 16 12 
4 15 1 16 16 12 
4 5 16 7 16 16 
4 5 16 7 16 16 
4 5 16 7 16 16 
4 5 16 16 16 7 
4 5 16 16 16 7 
4 5 16 16 16 7 
4 5 7 16 16 16 
4 5 16 16 16 7 
4 5 16 7 16 16 
4 5 16 7 16 16 
4 5 16 7 16 16 
4 5 16 16 16 7 
4 5 16 16 16 7 
4 5 16 16 16 7 
4 5 7 16 16 16 
4 5 16 16 16 7 
4 12 2 16 16 14 
4 12 2 16 16 14 
4 12 2 16 16 14 
4 12 2 16 16 14 
4 12 2 16 14 16 
4 12 2 16 16 14 
4 12 2 16 16 14 
4 12 2 16 16 14 
4 12 2 16 14 16 
4 12 2 16 16 14 
4 12 2 16 14 16 
4 12 2 16 16 14 
4 12 16 7 16 9 
4 12 16 7 16 9 
4 12 16 7 16 9 
4 12 16 16 9 7 
4 12 16 16 9 7 
4 12 16 16 9 7 
4 12 7 16 16 9 
4 12 7 16 16 9 
4 12 7 16 16 9 
4 12 16 16 9 7 
4 12 16 16 9 7 
4 12 16 16 9 7 
4 2 16 16 14 12 
4 2 16 16 14 12 
4 2 16 16 14 12 
4 2 16 16 14 12 
4 2 16 14 16 12 
4 2 16 16 14 12 
4 2 16 16 14 12 
4 2 16 16 14 12 
4 2 16 14 16 12 
4 2 16 16 14 12 
4 2 16 14 16 12 
4 2 16 16 14 12 
4 16 7 16 12 9 
4 16 7 16 12 9 
4 16 7 16 12 9 
4 16 16 12 9 7 
4 16 16 12 9 7 
4 16 16 12 9 7 
4 7 16 16 12 9 
4 7 16 16 12 9 
4 7 16 16 12 9 
4 16 16 12 9 7 
4 16 16 12 9 7 
4 16 16 12 9 7 
15 1 2 16 16 14 
15 1 2 16 16 14 
15 1 2 16 16 14 
15 1 2 16 16 14 
15 1 2 16 14 16 
15 1 2 16 16 14 
15 1 2 16 16 14 
15 1 2 16 16 14 
15 1 2 16 14 16 
15 1 2 16 16 14 
15 1 2 16 14 16 
15 1 2 16 16 14 
15 1 16 7 16 9 
15 1 16 7 16 9 
15 1 16 7 16 9 
15 1 16 16 9 7 
15 1 16 16 9 7 
15 1 16 16 9 7 
15 1 7 16 16 9 
15 1 7 16 16 9 
15 1 7 16 16 9 
15 1 16 16 9 7 
15 1 16 16 9 7 
15 1 16 16 9 7 
5 6 5 16 16 16 
5 6 5 16 16 16 
5 6 5 16 16 16 
5 6 5 16 16 16 
5 6 1 2 7 7 
5 5 12 7 12 7 
5 1 14 13 14 9 
5 12 2 14 14 9 
5 2 16 16 16 9 
5 2 16 16 16 9 
5 2 16 16 16 9 
5 2 16 16 16 9 
5 2 14 14 12 9 
5 7 14 14 9 7 
6 5 1 2 7 7 
6 1 16 16 16 9 
6 1 16 16 16 9 
6 1 16 16 16 9 
6 1 16 16 16 9 
5 1 14 13 14 9 
5 12 2 14 14 9 
5 2 16 16 16 9 
5 2 16 16 16 9 
5 2 16 16 16 9 
5 2 16 16 16 9 
5 2 14 14 12 9 
5 7 14 14 9 7 
1 12 2 14 13 14 
1 2 16 16 16 13 
1 2 16 16 13 16 
1 2 16 16 13 16 
1 2 16 16 13 16 
1 2 14 13 14 12 
1 7 14 13 14 7 
12 2 7 14 14 7 
2 16 7 16 16 7 
2 16 7 16 14 9 
2 16 7 16 16 7 
2 16 7 16 14 9 
2 16 7 16 14 9 
2 16 7 16 16 7 
2 16 7 16 14 9 
2 16 7 14 16 9 
2 16 7 16 14 9 
2 16 16 14 9 7 
2 16 16 14 9 7 
2 16 16 14 9 7 
2 16 16 14 9 7 
2 16 14 16 9 7 
2 16 16 14 9 7 
2 7 16 16 14 9 
2 7 16 16 16 7 
2 7 16 16 14 9 
2 7 16 14 16 9 
2 7 16 16 14 9 
2 7 16 14 16 9 
2 7 16 16 14 9 
2 7 14 14 12 7 
2 16 16 14 9 7 
2 16 16 14 9 7 
2 16 14 16 9 7 
2 16 16 14 9 7 
2 16 14 16 9 7 
2 16 16 14 9 7 
Squares number: 164
===========================================
Algorithm time: 0.114857
